0
4457.256743764878
1498.3260376855733
2146.6497546128926
15366.157968833204
-174.35139245893805
5171.31913883388
13948.008616297691
21339.030947142845
9651.413989623265
521.1784820660948
10850.451988537794
7465.479998788237
8212.691761993989
4734.370276740193
10578.145340895651
8915.066076798365
-203.9302189514041
168.9146078594029
11214.755180307851
4969.506803216786
20048.1977045238
-469.75317522883415
-249.46273050382734
3412.2620672941207
2695.5704211838543
19805.23083222136
2707.8437818020575
4410.0335409224035
7325.128305336832
19258.170106733214
2868.454918366671
6699.290730645508
13466.125997014344
11380.33393958509
11124.60490011871
-228.95160310044884
6098.678606398405
14929.89673909396
8266.417315295339
5490.930534447729
3661.236303719878
1282.6944856792688
-471.73951145410535
9474.468536129221
1163.4635722011328
3173.0296357344837
-375.48338178694246
2595.0227331184783
6860.401030993088
156.6753338485956
14659.867751093952
9252.100539754798
5359.394473327697
20612.220987746117
-452.0592461079359
-234.65779652334749
18017.048305330423
3486.189387694374
11709.220046357997
12649.800751898298
2990.601800967008
5478.160785325616
32.72922090291979
6447.719190535695
2925.5965118661525
1883.1189588887387
3418.9525925647467
17910.439059631524
4549.607082277908
7487.896304886042
4850.367814925313
-271.8104406617582
6349.2173834720625
632.1941965881736
2784.9928945563734
20078.574098429086
10316.372251607478
6052.301433521573
21208.66503199637
-262.3768001073971
4336.765872450733
-238.77490103710443
4573.144034309825
7023.4891693696145
2201.628898590803
5903.749591855891
5600.844347389415
14887.519508766012
1893.1846649751064
2486.1230462208387
6561.403255324811
21738.115484645965
2135.9537631526587
724.9776138603688
3232.4403547778725
5713.8051753483705
7462.689191982149
3003.2250907495622
-377.41522094607353
20454.532173937372
807.7689867213369
-530.0195929393172
955.4118622809647
8415.184736195208
4210.949433250726
5287.818173776567
3491.6266002036627
11262.740593276172
3066.3414975717665
3815.813637114875
-434.3665306434035
17419.466301980614
14774.108196800948
5470.549856487289
29517.353295587745
-487.9202591907233
10025.882306349276
10512.823780971392
4343.881734305621
12645.141093794256
10774.692759461328
903.9063189834357
10161.638908814266
6438.591313604265
4129.70630185008
-396.3402758996934
320.59982890598474
2226.5896686367687
13927.666577018794
8143.611338963361
-76.52954506138337
15245.680805046484
5033.133031706512
14692.641699312628
9699.64349938482
806.584152109176
483.012845268473
13269.737950320005
12187.393060239405
13631.682722758502
-278.4141951568424
12274.176614822818
17905.281101879493
3425.736687721312
21666.61336476504
9882.737146513164
10690.950880093967
16664.523678956928
12421.046683572233
