0
-43116.253089332575
-6442.834937238697
-50542.10621733665
-54485.927114486694
-133526.59999999998
-129691.61062955856
-102478.6
-129657.40556426047
-127699.5834522724
-130540.95
-131441.05
-128363.84999999999
-125730.45965023039
-93721.65000000001
-129295.9
-128683.99658379552
-125878.79999999997
-130672.25
-125149.2
-103668.75000000001
-69711.5
-123846.94725363255
-125200.15698311328
-129166.04999999999
-128760.59999999999
-132339.5
-79656.99693582057
-101339.11375584602
-131765.83997085094
-126996.05000000002
-127810.52643332482
-127850.31961562634
-39742.95
-125807.01543478968
-123739.84999999999
-129698.24677312373
-129681.70000000001
-105622.7869250536
-130745.10022540092
-126599.2
-92312.64999999998
-127340.85000000002
-116648.7
-129741.47721245288
-129633.19999999997
-127669.24999999999
-105034.23154933452
-127739.44999999998
-127570.7677515745
-94064.85000000002
-39566.450000000004
-129118.79999999999
-122212.7
-127653.75
-127277.36431150435
-127158.90000000001
-124544.2
-124060.24999999997
-126675.00000000001
-124243.04164943694
-127604.6
-128688.65
-125521.70000000001
-127731.30978736878
-127701.90000000002
-104236.78415107726
-129584.35
-129606.7
-129401.80000000002
