0
-42889.075092387204
-24786.46077299118
-35779.30929124355
-54156.555993938455
-133407.55
-129892.04999999999
-129653.04999999999
-111300.5
-128420.95
-130940.55000000002
-130433.75
-129626.27143774032
-127228.05
-124356.9098186493
-124117.14999999998
-72538.0
-127299.55
-125794.22330331802
-122804.40679302216
-124643.23305819034
-128563.45000000001
-126325.84999999999
-126015.50698311329
-120082.40000000001
-128984.31842861176
-130520.7
-131696.64693582058
-83732.89999999998
-132442.0
-127620.15
-128637.75
-131029.9
-127756.3887700081
-73954.74999999999
-129395.91721603872
-127691.39677312375
-129922.99999999999
-80038.73692505361
-131734.25022540093
-125707.34999999998
-117712.35
-125430.35
-58556.21390964983
-123769.45
-127444.04999999999
-123329.76942558288
-127640.7
-130568.5683641195
-130443.89999999998
-36706.89165136815
-40414.549999999974
-129658.65
-127110.2
-127641.05000000002
-127483.89999999997
-130998.25
-102727.54999999999
-126667.95
-69716.6
-96061.4
-125721.39571983814
-128365.29999999999
-123611.34521250725
-110956.94999999997
-128502.50000000001
-132454.75
-76339.75000000001
-99357.05000000002
-129554.65010542871
