0
-16104.778028726578
-44333.77080435753
-44058.0725329876
-44881.47840051652
-48274.90022649766
-117934.55
-28497.75
-104183.24999999999
-127990.15
-130598.92941432
-123287.40237312319
-104623.00000000003
-119132.0
-123710.35981864929
-129664.54999999999
-128182.44658379556
-109390.1
-127755.25
-77360.10679302213
-54123.7
-130677.8
-124680.4
-128525.25
-105863.3
-34031.06842861176
-89075.45000000001
-133456.25
-128693.05
-131439.65000000002
-39003.049999999996
-129132.20000000001
-130050.45
-102714.75
-127421.00000000001
-108528.65
-128341.54677312374
-129566.4
-68383.35
-99072.40022540091
-128794.30000000002
-121004.1
-124653.35000000002
-128731.61390964985
-121522.62721245289
-130589.54999999999
-126268.85
-30894.01541109086
-127608.05000000002
-130665.26775157452
-125470.39165136813
-114929.5011963129
-128761.59999999999
-126581.41362469195
-83445.75
-127692.51431150438
-92813.15000000001
-125691.95
-124184.16873409747
-85480.65000000001
-123638.15000000001
-127651.69999999998
-72598.68970503806
-108133.40000000001
-126706.85
-102600.75000000001
-68483.60000000002
-103729.25000000003
-129492.4
-92315.65
