0
-301.221728808124
2620.3800743166166
-311.80800944978677
2125.5383136608025
2252.4047373902704
2400.393286607562
-2296.4702013114397
21.73924295442498
-3960.5709401252025
2526.1601892320678
169.76953370834724
1537.9279377845994
2364.696759146406
2291.9453934052635
2322.683657059243
2461.8789130704367
-157.34777758751898
2343.641865223163
2472.070191597788
2481.1717857551234
-311.55601922961404
-60.658210384404015
3275.853149826229
-428.8781742322977
-182.500018533785
2363.4341253451416
2712.032079988791
2536.50995382621
2143.626000899008
2334.5136648894195
2607.398159097792
-10914.14821045872
-294.29258565323903
-18.5179255824483
2369.827612943697
-365.26475169054163
2326.957021422777
1183.0381459469118
2564.4948188389426
