0
-17.843970073843366
2103.1760751827605
-748.129276657409
-1656.6973409099924
2805.4570048164087
-460.1510907329313
2041.1656348195738
-436.14618697018227
2295.5354493646355
-63.46012074968371
-135.2513688516168
2256.097026696003
-291.59424009368837
2288.548068941662
2226.6638627209604
2463.7101581703355
2145.5795721965915
2590.54127625274
2269.0883351234047
2041.144308668898
2362.2902313034356
2932.7051710435853
2520.936764833667
-10169.5920452584
-70.01554976343994
2529.7359500782295
164.3279348330633
-295.6073761509746
2077.4586481547535
-194.06332123323278
2013.3520688548188
2421.6841644174274
2537.767520442068
2627.4224987705466
2518.6624625110667
-294.9559082793927
3070.3476270133046
63.06191161886716
-65.09914367393122
2376.9072335228857
2279.4606994454825
2542.5971804927485
769.6422363829055
2706.0324096230834
-287.15616981913365
-417.80051014203553
-4942.35486707784
2576.9665688036152
1810.6163968523033
