0
-204.7307000443052
-5239.230014563539
-5474.203662358429
-4522.4328676407395
-4568.836432924857
-3260.51610355256
-3277.2349794073116
779.8784988447985
-3815.649467974393
-2652.028277192379
-5401.58202287572
-2265.106818246027
-5142.992819547653
-1839.6652090674634
-4718.089622580694
-4760.282010161565
-4339.005376748588
-5201.154474282859
-4787.409384055174
-5864.1153052338595
-2390.0869484821155
-4708.2836295759935
-4176.32097335854
1121.0248407029599
556.7340294274827
443.7226214223183
-1692.2643725709595
-3210.3282380104065
-5029.329329098433
