0
103.0
129.0
101.0
122.0
106.0
113.0
108.0
117.0
108.0
3.0
124.0
107.0
105.0
3.0
116.0
105.0
107.0
33.0
15.0
8.0
114.0
106.0
112.0
111.0
107.0
4.0
103.0
101.0
13.0
115.0
108.0
13.0
3.0
117.0
12.0
114.0
101.0
4.0
11.0
116.0
14.0
105.0
107.0
114.0
102.0
8.0
116.0
111.0
3.0
1.0
101.0
106.0
101.0
109.0
118.0
107.0
116.0
112.0
108.0
122.0
6.0
123.0
105.0
131.0
6.0
107.0
111.0
11.0
120.0
101.0
122.0
107.0
10.0
12.0
109.0
104.0
103.0
120.0
15.0
110.0
0
115.0
109.0
108.0
20.0
111.0
125.0
109.0
118.0
112.0
14.0
102.0
120.0
102.0
114.0
111.0
101.0
105.0
17.0
