0
-444.13099247242013
11593.698096189646
-35.6978557802737
11802.510511157414
42391.125332039584
320.10292645593483
11790.993280472607
20897.367777396244
473.87917686055107
41475.130035697664
29484.510714353375
2.9760342001915063
-201.94908356765905
33128.83996609703
-134.5584625966847
23838.12778510551
-424.4185967899859
6546.886254817744
15811.715213496484
10713.625519383948
-3.6288027539849352
-401.06846714746206
14127.139911932249
22.691996875156946
36914.79847080801
1570.47020945549
-174.41779393702745
16260.43895149256
15040.76589815865
9053.521030823389
13922.758974105118
-439.10819308332475
124.24537084499994
26137.287269229688
-380.5349274865041
11976.844602831141
5445.64867055233
27617.11289193332
1904.5015305166442
18536.859943797193
845.3086573168634
8053.673144610226
13608.324347836773
4903.880058153781
32.604664896428574
6737.539199652647
7358.061475217777
3654.210105877447
12622.940532378852
12700.730220143994
5730.6508480757475
36807.168558198704
16214.785124535361
2005.303417811791
18899.91265577475
14312.493175274134
7838.394681723416
12634.117630791166
60246.65544949969
3652.199139093359
12446.710035733382
9871.569284348687
-183.1224586168925
1521.8947692292434
1502.4824648112058
2603.024483715494
1946.5279323803884
48793.388707569175
-100.8684314906597
28156.346844977637
298.6679853210846
-186.61871447563172
17383.589376031356
32675.294384275378
-20.549994179233906
12176.365633141002
4959.631358350317
9747.318696953853
24597.670982067786
44888.852938580516
1291.8795383612314
19006.337298018734
-172.64282145053147
4053.2748283555115
20976.210071815425
1844.1519113518298
6417.1395317326
35201.99600829582
2016.7215019765463
213.52218388418356
12006.184594530614
15734.941724600641
6127.105351489783
20122.72862478892
8440.246683053423
11998.705384431281
15154.362704861041
32341.054279848933
12664.298695083458
6334.433232684185
-284.30624978989357
-124.10358996192613
22908.02680275887
16847.295723859963
10716.613928161067
12105.198243289193
6626.44896261543
-160.30767597009736
26898.735376107445
1063.5268494521579
1476.172816196581
27490.891717040042
32575.762514553466
4532.137409710884
1133.586316798379
9000.651346883178
8255.912195934852
4728.345299163958
16503.18282281781
4010.4809145882723
3563.5341670658827
23954.55410011119
6640.050811467568
-367.71035189330576
9652.224480738738
722.3291875739892
30696.560680265477
3333.825114014869
2569.2912735402588
2190.659234297772
16240.02273337245
17596.793998011948
24278.413073349617
37615.95846346567
3203.0387569606305
30797.31651122669
22364.85453344633
25683.0926288267
20954.079835925502
18902.070858622716
21685.721514074008
568.462016836678
23847.00431569008
-36.264250346521536
23778.300182166506
4717.152584760885
19116.58885489603
15479.938889810706
22802.08974427519
18466.160036492347
19132.856238227094
9771.313141014676
2476.6213895564283
2125.204315777123
29563.95536136192
4652.862017744283
28262.91105585721
6673.642847114945
2840.799886402115
16313.572878881358
3083.4284988110267
-447.6654614513119
22817.992271929485
570.816022967299
47171.93659830689
10214.95868683296
276.3492470040917
9567.472499675056
28209.971251600484
