0
6519.166864156723
13615.45135885477
17163.91706429422
28660.18036402762
3047.4007120728493
34984.72579538822
34719.62745599449
15352.232829751447
16240.832081586123
2326.7179092764854
15584.175039865077
1320.9994408488274
26349.812254607677
41626.136562004685
44676.771896108985
19183.884820193052
7455.804305449128
14826.394390752539
25830.340967699885
780.2116774767637
17600.296008363366
11676.245111972094
43206.493172291666
79612.72871345282
22607.90275670588
36490.76774209738
23275.68804077804
1870.9418426454067
739.795399159193
1295.1616521924734
24030.508487075567
12576.170633658767
33749.023386090994
55707.44478054345
18362.704250067472
24121.02627940476
27130.96634939313
28363.870301656425
85418.38721236214
3437.517540603876
19186.402364075184
21820.958519279957
1077.0878552272916
15367.464603707194
23807.013413645327
3488.9481964707375
19237.31384985149
44218.48696552217
24564.317620918155
4505.769884064794
16195.083839893341
28271.39988102019
38636.63368951529
12568.73447874561
36160.85419550538
14785.899219084531
15710.08182823658
35043.418024256825
19866.213961094618
10958.973934799433
53000.20057827234
29550.564159974456
33312.10900783539
31765.50232477486
30283.52515473962
8371.075280467048
52972.180698662996
28030.48884317279
31738.685871586204
17690.716194063425
46174.892169088125
5063.905232846737
75317.90865384042
34874.244832098484
19409.48237299919
652.078530266881
21443.72731693089
12611.193800345063
77378.80676548928
2225.0706703960896
7316.729697585106
20149.995467960835
25905.703370571136
37285.92361904681
44562.78359092772
11062.169196046889
20262.563451975584
13368.873114585876
15954.045027792454
76347.32521310449
38349.58553239703
22905.362123548985
6024.796327874064
-321.81731656193733
1701.8493103981018
21996.048054769635
18634.764083065093
51364.53473929316
71.97014287114143
29709.537991583347
17674.073180500418
43729.535366892815
27072.207151651382
10618.131598085165
30259.231203719974
11813.654000610113
12941.00197814405
52793.137615285814
70247.93229475617
3752.862316146493
29835.406728684902
44248.534033447504
25017.46126972139
11110.393337868154
55458.6792961508
43316.90606307238
77754.69210416079
11757.212494313717
785.9668995440006
25916.494059935212
45445.64170822501
31724.08433459699
31745.60497187078
47533.376753628254
18119.959398806095
28390.095466971397
38949.889844842255
36507.21214801073
49661.92296616733
60139.820476323366
771.913725733757
4425.160284638405
14064.046179950237
14092.67028093338
7151.978930905461
83049.68356974423
52806.455096676946
34468.58914949
99986.48460190743
26500.70430725813
45716.02966085076
18362.23405968398
21332.159783802927
54171.6598366946
10676.294951885939
22959.46802696213
47767.99650661647
8209.044253900647
60991.17559093982
29409.144273623824
50489.46470990777
25429.751397669315
15186.906279027462
42597.11481779814
4430.3236447274685
14376.983822584152
2541.867094859481
36708.4691391699
61092.44454724714
18666.411739420146
42749.91997525096
91153.52384157479
1640.1174158602953
10651.052967235446
17738.332220092416
2659.419112801552
14943.89469474554
80002.3047400266
9720.621863706037
45572.551170140505
45969.21948608011
37943.20463053882
10271.344418749213
42603.44405595213
-69.55396570265293
1399.4021422415972
71308.36444087327
66826.62342876196
1088.6783762276173
28423.075864501297
53335.00845372677
77025.27817487717
11910.4594887048
107327.7612605691
18189.051662944257
27462.557268068194
30340.930694378912
70553.29241534695
49686.83313637972
18611.846812814474
33075.15078790486
3433.2694873027503
52790.828787498176
18048.423134088516
12119.341919720173
12592.141442000866
49365.65274603665
135.23277793079615
52119.60512802005
65770.29872335494
17864.136225953698
28759.478312283754
35992.27014645934
66763.70164640248
15999.143658466637
47159.31623697281
85144.61142022163
31828.25130701065
657.4343148246408
9897.688254229724
76503.26037395746
43877.185821076855
59026.35077351704
7714.8494833521545
66810.14758326113
53604.589178301394
6553.0751591175795
56330.331171005964
6950.580272190273
11087.237507104874
50648.61256826669
9602.283305823803
84979.20698978007
34942.206175774336
52302.318055182695
78822.98554770648
5683.357180804014
28071.471564397216
28639.04563009739
30949.361430183053
13640.560996942222
41923.840327225626
58975.150137245655
34830.198753774166
104751.43517174758
16254.360172599554
41964.220161512494
55673.4221893549
30177.80622895807
60138.30125063658
23690.19357934594
20195.547315329313
1417.8421388566494
104499.45232897997
32397.349962815642
5794.979937970638
858.9314349368215
2624.546003192663
19853.632969856262
43074.62284902111
42870.29249817133
45146.49147000164
74630.25315009058
58675.90620972216
67428.10998108238
35061.73075444996
52004.92655990645
18866.948782615364
46994.748938679695
762.8538510203362
36936.79846664891
27618.192822486162
46737.35384311527
13279.535755962133
59907.296142261475
39646.261915937066
62344.186633192
25584.30116005242
58193.77636283636
15436.863689348102
1318.7314534187317
10908.88439655304
14682.000909745693
38019.78200048208
37693.863983005285
18221.336766183376
50359.01777230203
68053.13714694232
56290.272514261305
85686.60086218268
1303.1174339354038
102149.16119161993
4499.8162987828255
49537.29209583253
44306.934805735946
30941.657783407718
74819.02017511427
51903.58715457842
12065.180039722472
21238.916427269578
41063.85397717357
23803.272218555212
55371.10387254506
18422.573509560898
30622.054993100464
34442.13965035975
57006.70498099178
37502.326496355236
1627.4022520333529
14920.799987949431
50071.14015592262
58204.34483204037
28445.59892103076
75991.636906825
36965.09044185281
88582.98457548022
21115.88378727436
48862.702057398856
48970.14802981168
53875.68049583584
17019.091957956553
19637.197954133153
74428.68722237647
51834.381527900696
27792.70179271698
70593.29293645918
64391.09384998679
69357.91672976688
146877.94189557433
50813.86103447527
22926.505468934774
879.3816385045648
24220.704113841057
22316.485992595553
1446.3520812988281
32485.58925740421
47737.713741622865
60039.07689400017
20013.657803945243
82498.26242361218
41663.64047266543
58450.58364145458
13765.631498992443
40648.99594094604
72164.23922348768
41576.070438697934
58355.832494255155
19661.57841704786
27107.579604685307
58747.45988663286
37515.75896482915
39086.41535438597
32406.142400093377
120714.14808075875
109942.41105446592
89714.9685356766
53052.307475637645
24161.25220350921
73681.36011302471
73268.59489586204
8416.490248208866
16227.418574616313
74868.26783895493
36436.64336234331
55033.29255288467
47371.04319781065
53403.72752774507
54678.737194649875
1422.2889291867614
24673.06680738926
39462.00753502548
1861.7658341675997
90448.40309333056
33317.421575644985
49481.79892979562
52229.34771252796
2777.0420379936695
38218.1185163185
25775.25946902111
60986.56324572861
41909.91007052362
28950.5930525437
78771.57483110204
50491.41787596047
85728.0570500344
51133.928363621235
34894.98277440667
54937.878236696124
128.46679247915745
21855.857237279415
28356.4617793262
444.388572871685
35534.59423005581
109295.90694833547
14516.049689278007
20952.084618732333
81320.39326295257
23028.38081933558
87279.86254896969
3967.9595778882504
16834.722135663033
22854.178913608193
7264.036754667759
64210.96133572981
32711.877315044403
1362.2457410395145
33905.69236341864
102282.6921575144
900.3794492781162
27854.505621641874
9524.89252153784
51933.58861414716
93142.5887618959
277.0013090968132
27332.3844047077
2466.6956410184503
25744.088052213192
80411.93514198065
15733.630852401257
36914.975890889764
85001.55717378482
31027.53964599222
25785.409728437662
18649.11305770278
6533.119725435972
1765.678125694394
72196.28192424774
35629.8948315531
166055.22599924356
25608.53300035
-22.857273370027542
29769.32101264596
40872.63599600643
20824.291508831084
77804.39797822386
40840.32825767994
61029.40723430365
56205.0755334273
40377.216783836484
57856.749265939
27160.668310970068
103465.1344678551
47625.69690980017
71.26772735267878
45005.62988847494
1940.2235816419125
1457.4181434512138
51823.614580631256
63626.38137161732
38199.58118552342
66697.80331704766
13675.147904455662
39090.784175246954
48197.82104060054
26421.2907852605
1257.2013369202614
12946.220425926149
19396.137875653803
31750.049548447132
39870.293666068465
665.4043810814619
27334.648737087846
66546.24250704423
2067.982333302498
15501.006921827793
38285.46567551792
63695.00750467181
71649.1005079262
26782.3674877733
32819.41263735294
14613.071470856667
37733.27685892582
65873.14344884828
23206.908632814884
79319.58137378097
8785.042597632855
33323.00361379981
78246.30462747067
16469.202798828483
14050.528871566057
2939.0675689280033
36899.39828619361
59133.992074392736
56925.713860467076
25176.482505500317
82434.13040660322
22339.785898774862
101729.63082447648
29981.813001781702
4404.30613681674
5439.709435105324
16495.867684185505
2616.342625170946
59095.811366438866
27039.792657010257
222136.5163672343
64878.68269756436
44322.037933543324
31864.34280194342
2502.8001868724823
7178.226033374667
54959.14913311601
35855.43854422867
63694.46986787021
52268.23586974293
29608.345300368965
28322.384366840124
47082.67622768879
55389.444739446044
69121.95678520948
51514.864299967885
36762.24100254476
74997.2791609168
59696.68488143012
986.7482586205006
18686.456681787968
68861.0259603709
57049.61308686063
10579.456525570713
25693.97063203156
11507.674718368798
47324.900897592306
51328.38268239051
76503.3317072969
55343.812121897936
72626.00826077163
58041.838644109666
17806.41290873289
19204.467489905655
49284.61584508419
57604.002168402076
52053.1817343086
3378.8225889205933
66162.69258327782
1333.0540630221367
38291.82667981833
53044.01333332062
61037.489239275455
179582.65967922285
6689.638275057077
92829.92665268481
59838.73737724498
36844.631292410195
75536.02139378898
48181.127772554755
896.5835693478584
29809.691115655005
20965.19833445549
33928.477858603
44831.18091441691
24329.044839516282
83642.82292213291
17155.334655493498
25282.654809318483
31767.030040845275
13098.287934437394
47261.317413561046
42008.13240479678
449.56959284842014
67298.08261520695
64965.20255314186
83470.7468476519
46710.232563409954
14958.412033505738
34717.19581052661
19748.158133793622
11383.12310025096
111463.89165200293
60406.199129112065
33637.891666525975
49645.05578503013
30018.48493605852
30782.136243581772
101187.02457215637
1633.6628875136375
26673.482372909784
62787.64223173261
45426.25728985295
11274.440164938569
108587.34934233129
43474.195406045765
101827.6862163283
103044.13073047996
32337.28160161525
107781.56904778443
25934.5642818138
50874.170925319195
36740.602593272924
97376.6675369069
61112.44904413819
45000.4728032276
18280.434762611985
22381.238858923316
18841.787281557918
34851.73794314265
55939.55180875957
50314.49143495411
116601.1481911689
84242.1794975549
34503.20404082537
37948.370297923684
51454.5745780319
56200.76112356037
61010.69487515837
93201.31523409858
35624.41584428772
134348.0474224221
30747.43465937674
192721.57538987696
15526.632501035929
16595.33542379737
1597.9717502743006
52680.51602123305
237596.93705067039
35934.30596455932
7140.316090136766
49789.31274443865
44089.9230197072
28158.51459674537
28988.901314772666
485.0220364332199
98802.86013858393
821.7785254120827
1344.4344843551517
98807.77299581096
61404.087875382975
15948.700776211917
2238.3414820581675
12420.277455598116
75590.93407661654
29575.89328531176
54434.92879085243
39614.198652654886
-324.7887521982193
88298.14454965293
66726.13598506898
23461.5217397362
87722.89497070014
57267.07251280546
55993.90815079212
74968.58363993466
2191.8383079767227
45208.00236009061
1206.68400734663
91842.68759368453
982.5843551754951
46243.42533364892
46396.5870401822
36190.531388521194
83285.72763932869
19563.085094690323
59527.43563976139
43015.24535112083
34322.076809550636
80714.79116909206
1770.395998135209
94627.55375817418
31867.010354548693
8475.44499590993
16788.537234487012
47465.131051018834
65388.89802418649
33861.60304618999
981.1671420931816
75181.79596953094
17527.21464380622
35357.96351887286
30697.77571938932
27015.934121757746
17314.328640028834
56606.31407298148
23568.010273873806
38737.182682827115
76825.99687449634
12844.589543566108
658.7758683785796
77441.07845640741
48897.97678201459
32824.455004930496
85595.56021202356
37882.01509401202
53464.448241852224
87633.68333897553
37213.95941292867
68466.76587278955
29191.312076747417
51569.646580182016
58380.39186421782
40392.054337952286
45051.84564091265
34987.04519148916
23769.273329526186
41326.16622194648
2244.778693653643
-49.90521319210529
-353.853078186512
1304.1411772370338
16259.293873161077
21865.738584920764
15076.16207525134
2156.6696906089783
1213.6102224886417
84879.48109298944
32414.665330909193
35425.368942804635
53432.83250827342
56680.965642314404
33846.79861713201
34228.271783553064
73615.72057578713
14181.079712696373
19934.134868383408
67158.76552157104
588.8489899411798
124248.95134052262
34780.847029685974
94099.10639837384
147722.83031987958
32672.722092196345
76390.99634640384
49863.53580057621
40366.56190030277
36667.35892660916
35475.70059509948
49798.5684976913
62026.1588132754
39307.71064825356
35692.22629234195
108087.92951261625
30687.180152647197
56133.73648352921
54271.94773174822
29159.091229997575
48519.513346254826
41234.189153537154
56982.69897220656
48911.36614346877
57043.95876865834
78859.74046278745
696.1195182800293
29992.48022351414
11574.29269246757
43640.35455387086
49486.02916866541
45619.63306020945
68270.91302909888
35028.95058620721
55033.85764017701
72379.04575571418
40838.3707819134
42100.050642974675
4756.577282659709
102321.79328344762
66194.24978211522
49953.90830300748
69051.4286133647
48563.057262972
60655.1893991977
38149.466386288404
58873.18907160312
38289.84739150852
9593.04808050394
79667.5189062208
62003.52545933798
3047.934235483408
62068.15031059086
64348.559780623764
25742.33430918306
32258.85233029723
56396.75074130297
11658.045242801309
44774.04712995514
54669.10896902904
2911.2100373208523
1275.7845683395863
76796.04227926582
55972.72453498095
69757.19821486622
19231.011781692505
13051.457366603427
-727.1033384278417
38834.58597239107
31496.712747104466
93704.91139820777
71999.73450545222
118757.61978052557
33888.007473535836
62929.399345275015
79108.3127225563
92257.00503267348
38006.34988345206
26648.494499586523
60332.167299464345
12543.700800202787
23500.208280533552
93432.80469473917
101129.70173696987
47480.84919195622
74964.07788144425
46245.97712326795
21105.88223591447
33155.611618831754
29765.127495527267
11687.964468672872
20473.114490434527
977.034135311842
27827.32903651893
91756.00449897349
39865.2114956826
30141.21520396322
47796.68174107559
19477.105181515217
133357.45828667656
45712.20185235143
42395.12730665505
77478.87833493762
57012.565749399364
1640.3155244141817
21176.31209973246
49314.30610246956
96669.34367403388
69285.74982683174
75871.03448919952
45470.68140253425
74399.28138766438
38569.68486095313
62320.84809720516
4296.234569773078
41693.916448196396
