0
23656.20634432882
17287.725843936205
20935.57448638603
37941.347113251686
26972.051815651357
11477.219725176692
72701.26127650961
26254.311744719744
47351.80228881538
4149.371991306543
16221.20009817183
49808.36700044572
51245.86760867387
-552.5482764840126
27565.170914791524
122815.14378920197
935.9387502074242
21592.114475741982
77575.31089801341
45944.916963651776
66314.54742714763
20086.819384098053
19414.03775088489
26237.724020257592
-450.8482939004898
37732.3487027362
70112.87491789088
34521.80854912847
85262.00411215425
-565.3767384588718
84888.50495215505
31177.25233696401
63218.20812636521
18416.756468601525
98547.16148518026
64103.58931474388
619.0067510306835
17776.438751891255
67268.74982230365
15234.140058234334
18510.71815416217
74221.83238137513
18153.377876393497
19670.924560893327
59746.922043040395
-567.3302789032459
22822.55839087069
28838.832796663046
85315.75227919966
61723.98674365133
17909.647749513388
50164.640186205506
37092.898039631546
37918.383769039065
57339.93912684731
57997.45075918734
49384.57986667752
58890.5144867301
-578.3429563045502
-449.5934733375907
63713.587786480784
70207.31507577002
5568.552423045039
16124.649121016264
47812.39674091339
20679.91001367569
10387.464543357491
28659.413342624903
38215.13011518866
18722.191128451377
2246.338597536087
85609.3462102674
-163.01017571240664
76780.05162653513
-114.43801015615463
44590.583167895675
35.39231300354004
56815.937469527125
39506.80750500411
41180.93591079116
45644.21307705343
-583.4093414247036
20206.52803003788
43448.03113013506
52072.90953975171
20716.380646154284
59956.40242870897
99548.722023312
42136.99514657259
45603.96802196279
64791.72922220081
19274.670773204416
1703.018492758274
67144.6289434284
46720.99133241922
35214.64111402631
25391.139417737722
37896.941938158125
2052.98101849854
59265.77635154128
380.1297102123499
43518.358621206135
91487.42817258462
30784.849787782878
12836.270934641361
13732.639255560935
254.28714334964752
10475.139147490263
64158.16910854541
114.65925984084606
30969.356060624123
105826.24138955027
50523.210744038224
307.92142413556576
67229.18944656849
60985.24673368782
114506.35378180072
83981.48962520063
38783.7622076273
-553.1921157240868
9897.737243026495
77119.6139806509
29375.376314744353
9637.130436748266
56822.03787125647
36137.98532972112
61073.11503790319
45107.61356694624
7517.563187256455
5870.141176143661
21222.200228720903
16491.071616113186
32215.11751398444
19468.10427248478
70052.19230383635
34619.471874739975
471.82629249989986
46151.88955420628
-53.838819712400436
59466.244552414864
85227.38344760612
42537.19638116658
94362.99098350108
55218.99684248492
96625.08922543377
679.3956310302019
74015.17420407385
69891.1620117724
137587.9115075618
21803.574785664678
58728.19030189887
52558.758974038064
41749.950619954616
91011.89351670444
60176.47660806775
2007.1876135468483
43264.4790869765
45654.44726517424
78529.01305928826
63261.57699011266
15657.50957928598
55415.31432483345
82029.00227888953
31754.547245651484
76339.85010605305
-494.14939373731613
30375.030771046877
43158.27890343964
17650.91014172882
27878.848032318056
27320.2048933506
40750.15236899257
65477.202411182225
20219.076425284147
90775.1900212653
54378.453309200704
64068.38567815721
118384.55307494849
97716.92953440826
53796.641886644065
42947.33113216236
29824.715997427702
41922.6627910696
52246.5533179231
59917.03656986356
-589.4801020622253
29019.25699569285
55794.778361059725
4268.54849614203
44293.20159263909
42326.07676717453
18764.76044408977
744.2497508972883
-23.819926977157593
54641.73823196441
47025.61500392854
-106.41482010483742
111304.66395066585
104947.49696414918
