0
13654.136390127242
63174.76267512888
12040.235791504383
34671.688296198845
16380.294599998742
18368.75660677906
571.8708405643702
46628.32914208993
37135.37204347551
23207.527076900005
10323.144493624568
15509.788064919412
61316.76177881658
668.0260496586561
20300.595694333315
22.372610419988632
604.8128277808428
39205.102290958166
45481.85401678085
35004.95089415461
42989.343594908714
20112.48491048813
42.210828140378
30429.825496766716
24230.777248963714
46061.71642515808
68148.2198430039
29302.651793658733
43538.72588656843
-398.8487645983696
1613.3869794011116
10145.439520925283
59267.174855694175
27387.47776389122
33006.07945404947
55810.80711983144
44024.77478303015
53407.60193482041
73058.88477638364
33285.710107423365
39682.14242704213
12526.288135126233
-572.0979807525873
30318.545162975788
32898.90551865101
97509.51252987608
85678.47891597077
47705.07375527173
25207.971908077598
-523.7161484360695
25410.42762797326
78229.25957777537
32560.42165875435
88002.456603311
17815.423298906535
65425.96546523273
60220.37413518876
36274.97436251491
63570.033499524
-216.38259254395962
71091.02341853082
31850.681287795305
37812.04835854471
68387.89924122393
-145.81512659788132
870.7040543854237
-458.8885237276554
40522.30759618804
29864.646177161485
70708.9751939848
55429.592460133135
41286.48976355791
67402.69032157958
711.7107995972037
42678.09215761721
47502.8811025247
55718.29177809879
15656.019077561796
18371.204415746033
56051.34791549295
26494.936294555664
969.1657802462578
54322.63416521251
30533.334108255804
107265.25432673283
37215.086396709085
650.401128642261
53735.77380200848
52530.52202016115
3073.77240434289
4785.993074523285
24006.994172343984
37280.43485073373
62889.496030025184
37895.105322469026
94845.70196796209
37092.25287823938
-467.4281468242407
62809.2324571684
20553.791622519493
74497.19111561775
54510.911554545164
47754.987174002454
-529.7197395563126
56972.99904782325
23848.725512586534
37445.16086652875
14986.03534013033
23486.616028249264
70295.17358536366
54432.00945481658
44010.143803693354
1757.5665198266506
45026.24346278608
20430.825575068593
-22.62528568506241
11782.89763867855
32989.60038665682
29681.84514146298
30081.70417815447
-60.15223205089569
58579.62434526533
69360.92101020738
6783.293295502663
16041.904459930956
26243.485148623586
929.4569106400013
55727.50024192035
27083.28389581293
56209.042614251375
1804.0857496485114
11851.116404086351
73102.86607753485
10778.624192327261
51966.22296807356
61585.052473433316
98030.65408185124
-542.8268927335739
1386.7673110961914
9734.131087772548
70345.69460149854
44880.67339874804
2005.0108190067112
80888.76261338592
1781.8294622004032
-442.2181050479412
43637.959419712424
21330.97311899066
30620.0856057927
20774.62372623384
23592.76154447347
-602.4515622854233
94785.01487564296
71627.95714034233
134174.9375306815
36522.070586532354
-553.4878605604172
99511.07135746628
60215.97615599632
15375.43553788215
57592.886205650866
-430.12769505381584
63716.48614138365
70971.86296198517
79035.42139109224
292.061133235693
36385.14148250222
-604.3899491429329
125052.20677107573
-589.8413912951946
73554.71049822867
53868.772391108796
10078.543921411037
66177.22433172166
25801.242207642645
43092.95631207526
31715.92032250017
-593.7227907031775
90439.93104491383
13091.309263035655
86742.75595938787
58680.346403978765
27373.40962320566
-535.4659083485603
33069.21114756726
31022.275090552866
30139.044320099056
45823.87621525675
71216.9687185809
102050.15112919733
64994.41226616502
25140.516609586775
109075.73954906315
39021.18349425495
72920.98109502345
95166.71613544226
45800.374761112034
54454.70565119758
105771.96124542505
