0
27132.0
21813.0
36912.0
373790.0
15619.0
13791.0
26514.0
20276.0
26575.0
26850.0
42269.0
19391.0
124575.0
28478.0
37455.0
113406.0
39695.0
48730.0
23135.0
36751.0
38695.0
25015.0
107935.0
178590.0
112416.0
39431.0
65513.0
48795.0
14113.0
46971.0
73460.0
127830.0
108632.0
18495.0
149534.0
139872.0
91956.0
91931.0
48134.0
7570.0
108954.0
83454.0
156770.0
208649.0
145055.0
21027.0
194812.0
248712.0
199511.0
240252.0
282711.0
187028.0
167415.0
16847.0
166913.0
187051.0
141011.0
198688.0
16891.0
180609.0
149591.0
17429.0
227032.0
148291.0
276871.0
230868.0
17295.0
290067.0
255514.0
297810.0
246511.0
262595.0
260152.0
235545.0
100913.0
21248.0
258372.0
286432.0
71291.0
268990.0
256252.0
272547.0
203849.0
260547.0
315612.0
277012.0
280092.0
295688.0
262537.0
282927.0
174850.0
290687.0
300432.0
288112.0
262092.0
363467.0
245318.0
30007.0
277588.0
327010.0
267011.0
262512.0
248713.0
80767.0
178391.0
293968.0
273012.0
243653.0
247432.0
241848.0
245776.0
273307.0
244085.0
256988.0
238972.0
245953.0
230952.0
269028.0
220756.0
269088.0
120252.0
249090.0
19752.0
253854.0
334493.0
257008.0
120256.0
262308.0
256792.0
