0
1776.1324760536354
4746.8696264962355
632.885269394517
3437.4315334598227
7521.857062396408
2174.1627798795703
2426.9603746732073
3128.9818043947216
7416.895448274414
5725.8323929031685
19956.90870663325
-191.2057159120838
-254.0527732302745
-66.74135303795336
15646.920640590786
9319.679823087652
-320.30507252911724
-345.2711260959506
-435.0516953637202
12325.311237116655
10468.852287418644
-214.09747714747988
4545.478011971712
-359.23822400321563
-107.87538791596887
-446.8194322288037
1231.275736318032
6682.64285401702
-367.9727151354154
1975.415206242601
5599.83914675812
2397.8626606951157
5196.519696058828
43743.622470481205
4059.3963957667356
-362.31798708389204
4269.470371544361
-285.5782455995679
11.808933917681365
10126.683177774152
4631.713405378659
88.85649096369741
12936.453317282598
27.765484043955837
-380.8048579156399
23038.587176249424
-55.514733089754976
746.1154510815938
564.5286506464084
5892.1139456962555
10714.1971945405
-335.29413907329234
-281.5246301660935
19.635228811701147
-19.090652338663688
12375.187252395353
-116.7634397725264
11497.244494197765
-307.4680935335656
28377.940008043246
18499.610370017093
277.09199731747304
-146.15754456718767
14905.573687378566
162.81735033988957
5205.251827578742
10130.591632004578
-270.7792651683092
9878.52640871654
10479.23423178916
10054.956046595176
4846.053177014986
25385.013498001794
956.1630175729592
97.65541024307413
5581.452945982416
10673.30496653517
25002.49354083935
1122.9337615032991
42.07407211711012
271.780228073895
32.77615611155825
1679.3253789643447
-116.79094576140241
30255.015075665215
10902.704816117386
-322.4945381134748
13789.873589686551
1735.4579571828247
5978.487014153848
3734.582358792424
21735.533435462916
1141.473977228999
5749.942651910584
-41.61922084291777
23736.31139519314
13399.640914547444
579.9484959046047
-381.4096971422433
-174.12721011837323
23959.563024202984
49.826978374520976
2467.266889864206
10827.655501314004
34581.51571800112
2447.011673044164
18365.068951417506
1562.4774948695053
1356.9940245548885
248.28225361381965
31062.88163000494
8.125855167706817
75.00090705230832
12331.047512177378
5365.850470201174
11591.753957278532
3218.890887230138
-134.6270720819632
15833.828873785336
-369.72661029448113
6327.678933685025
-461.93664690479636
-85.63915493140621
-326.74386223703624
-395.5454780300458
-324.57097894400357
5809.2994514455395
6849.324627458056
13186.926898193358
9948.1988105009
5792.136103651922
-211.1376439700524
-354.4059118678172
23698.542208430175
3337.1105473091206
4567.751635423302
786.2448726147413
-49.17351589103538
2151.072316907843
5567.265741132697
-429.20416785726945
7145.2548176527025
34913.3536598146
1524.1407942640285
-211.63425103773673
270.423798108846
-440.2851174585521
4134.671640663346
29373.275172660993
-485.3207119981448
1133.146327582995
13705.466524194182
5193.39341323177
2824.6804956257342
13823.013436740139
496.9485241214435
21690.29824468593
9050.786261005203
8354.370014019807
27721.280677434803
33645.18244153956
7524.808217096329
50506.91047249535
8520.147942019006
22718.662685925763
3793.4779164542756
97.31766101916631
-463.9899474963546
15134.009068413574
11930.6434129109
269.76854782203833
4367.179582994183
2844.1769126728177
-192.23950624664624
18664.863576608896
4125.744907516738
1968.3339663853244
23836.70704054137
3984.893285876513
3942.43400208056
4111.63215400378
2922.7858746816714
-511.04758680164815
-150.21703093051912
15023.802769476177
19665.261033998926
-368.95648213227594
2264.9483046452206
9020.362861653168
10596.459927732747
8272.93854397436
17198.36179172496
2073.279235896468
903.5377065832417
4943.84126838247
-183.05358872016268
29186.543736115105
6898.300450039407
-305.2330509891113
23027.64538698395
-363.33626980384196
9284.36806855301
-187.5278811732928
-216.42604301025472
-194.20971217950185
-153.95067726224664
-295.63147411644456
-357.87236091097196
15229.961922640105
2170.581700424353
4047.7594740817945
114.99794771571953
-272.0062224333485
29836.32633094887
1612.9237933779757
-462.5913852741321
1579.4024568339191
-173.07832052906355
3675.7400019397337
-347.3742865463098
4636.808232744534
10430.017459359766
15571.093693747123
8221.955331431827
-245.3153900901476
12760.376152630648
134.7099088460207
638.1807359397412
-29.378006910781068
2120.1138559530177
4221.218769095838
7094.53328324457
9694.086809295415
-426.9319704309106
-384.8439072072506
2783.149245803555
3267.277231969436
26003.11643763582
-435.01391484340036
-394.76229102214177
-247.9649655153354
-119.83504012425739
4028.8431600560743
6240.952551060915
3940.9490378980836
222.35374059677122
5466.148134938379
182.4575727502505
3204.8901271124682
7540.320849842828
-455.06574679414433
19143.40507635822
517.9558668995896
1060.3539225200814
9344.920939014355
21562.73985703588
3262.3143019718423
41.515118443965946
-299.81788187871376
21917.687514522673
7138.45674366355
16289.770773738623
14808.78004448563
49.12887296775975
-305.2634549513459
-151.31983185013132
2506.8414560159044
11351.143932973098
508.2436193565528
2946.516911696395
3616.6360280402005
321.0003209307788
25566.433888890348
-358.7194335291783
26331.50693945214
2585.6912952438
11243.37636135022
6253.4438270161545
-78.37093725899854
16383.445086657997
21856.878152052566
-134.2538492103418
19528.142924159765
23287.31461760501
-327.7374397764603
5262.473370394111
27597.642745280267
84.74462972184023
2313.4266779005525
17591.59457267225
161.59562178850172
-347.27602144678434
3799.6570635177195
1008.0417141119638
1078.6283397798736
-401.58062455654147
5236.687942586839
6258.309370340903
-82.9388502875964
23109.13181593865
-446.29676028192046
-412.0422466476758
17842.93911976814
20994.663265903793
-347.31745006889105
6074.439610629279
2899.3524013767637
8012.554564485948
15028.231837729612
2936.090897515416
-332.4882322122653
-268.4315834740798
-205.69402386198442
7437.2935402144985
-419.7896502435207
20052.530185418327
15786.908598167201
22106.609790547693
16729.22082159122
8266.99966450855
36363.04451924363
7458.374498138329
366.33052421609557
-405.8719203641017
-413.2080124979218
27254.94884315431
117.04756538470588
-260.53374022295077
29779.94289726118
571.8062036832174
7807.552451013276
12819.83319017937
15379.07776707274
50.718099662971994
5309.1375138560925
3400.0943686708806
-275.2964218556881
2289.3341310068968
761.9099168946345
4033.8221799472967
-253.95070136189463
3980.2074550720554
-81.77829741338888
1144.5041401058434
1114.6641954178613
5781.61610216399
22094.15982928276
3475.482713677485
1517.9832575644057
9728.183634875219
11399.42112874488
14336.94748166601
994.9432529817022
20235.85141575535
630.9208967715501
-435.84561044077077
5556.198254065712
4688.247668279211
6270.121605981389
2132.3190177987017
-262.52279791434603
5043.077396040161
1843.6687286555766
1177.2576009819907
4940.437655378381
14711.573175828655
10543.138062717018
2198.775816788276
2002.8111195211613
438.7575769891341
3014.293918260932
-304.9085479567448
18978.28589172264
8023.847319993872
6502.965691451231
8706.574950747688
-457.42747819051147
38735.68956999878
65.99519525518016
11076.203272080422
22325.96448182463
-409.4002974331379
33051.87773352377
18425.82121615509
-26.232899920145655
-462.0963716854652
1493.3933204819757
-67.8534791681916
-442.37699027359486
-155.14516346156597
-230.0887891630332
-236.31704695373773
21584.8398376471
2825.5708884055416
46575.39556315143
729.6394891440868
4401.9676450771585
5308.319302791109
-220.39655722926062
69.11305726269885
3279.1201821078857
13488.56020804296
14550.801448158425
20.138997130592657
4260.477382450799
9012.976423239212
41074.11693637371
-127.64573049545288
-60.87108525137103
-171.9572146405776
-240.93957987626393
-390.7890609572331
12037.513854717217
317.4836346246302
346.3449577550093
-374.9831457366546
12799.688408801954
6631.835154437026
14852.62024815579
13581.616462109483
886.9983789011833
-438.3720817665259
9944.664273389182
-406.1965870216489
2767.4052774886286
1974.2255186855796
11151.788557423155
25685.54978717367
11295.15303440988
-425.0372243056695
205.0202815497915
-347.0374919767181
13531.95224876205
13463.897612439097
1537.5192222942906
1119.54452136904
314.9265352616707
-298.47319731215634
4107.8103443493455
6638.18657616973
3373.0816796332597
-346.1873989611864
5939.3805366834
-355.0948280562957
-303.5946744889021
23563.522807194786
2864.0085249150793
5044.057270431021
23619.683607831597
-284.54397658606365
-298.4396651228269
-318.40966734091444
19701.357833793758
-406.41613006591797
6312.785842743018
458.8948213155072
131.2612277378639
-390.0904756973187
447.65642239650094
23612.13549149086
2568.299816788733
18348.43728766839
-324.9948443621397
134.3754136880239
593.2416670488815
-196.3485432614883
-434.3691467975577
15880.969080611067
4412.131599520644
3844.747135059039
-313.8801103730997
10044.75697723925
14352.029743843279
1393.4613889356453
-419.3209351773063
23255.10259861251
5467.994358114402
-374.04958617836235
19831.14389455219
