0
98815.97741244361
34628.07450200198
10418.454249948263
22367.686951868236
65702.88732191548
13680.770249525085
25189.167184522375
27964.048474300653
11218.285315781832
20567.54117269069
70899.8422489129
48686.78064276115
16092.070530456305
41166.63625612855
22972.32306264341
10713.795286342502
31927.609224952757
38279.38755810261
136884.10947442986
54900.739037282765
17757.07752019167
11713.945929035544
21941.513544451445
99856.18454376124
19303.797789523378
15193.519392320886
81507.52941819727
21198.06902431883
45748.777146120556
35323.08852778748
36085.228055901825
26120.258141253144
35384.88751354515
-1503.4147335588932
37429.756013853475
17778.481929190457
12535.513537377119
13649.331193370745
24990.591214708984
94905.0353042502
129202.73990893736
33286.09530672431
12483.818052504212
12030.567984506488
15904.590098176897
63656.359736379236
27901.885068044066
14606.574942180887
60292.77148135938
46027.41462305188
45346.57595009543
139747.76851879322
46644.21065504663
24524.42666873336
14578.594382618368
42381.59438061528
24250.036975219846
14260.093614682555
18648.173432145268
58928.77262990922
39195.651011969894
34939.44503342733
53801.71666467562
48940.92931345105
37000.31917712539
21127.62364923954
36194.281764514744
21178.792023472488
78591.74953165464
13561.184489950538
38515.12252653018
11840.222276337445
37390.71502087638
27901.13783184439
20407.962524034083
9297.660644203424
26919.81738002859
18878.1079377234
22953.012428060174
33828.21176448837
24760.077956151217
18365.8612546511
60847.0174553886
70294.03190002777
16409.93545986712
18526.898962967098
30904.85130663961
21512.147405995056
22402.847809242085
22495.083506405354
33094.62514905259
125467.7805250138
14476.757860016078
34609.820953336355
23931.58691163063
16838.734278748743
54360.615574725714
12856.411060914397
11440.31355317682
51143.40131206438
11971.073589073494
16257.25683093071
81091.81562338024
209826.31211433915
30116.075419326127
28191.428313204087
71445.8402916789
29445.867822710425
28449.634685488418
