0
11909.654583893345
13183.516206256549
19636.003544557592
5085.148881434153
9311.312943372628
60.14105291987461
24007.198986395204
12673.830065702678
6539.999941541751
6608.30859329238
1751.6161402576913
15949.12483565708
441.2896739949783
-446.89027016870676
2040.3692869059741
8654.762519272044
3353.6168622023756
11419.664687502634
-94.96253405312697
12385.2319320408
14451.75387683014
6073.104079355796
2382.004448216657
575.3792959341779
1620.2186929495383
-84.21558760379752
1808.4489905368537
-288.8681313852469
5600.042720167338
6495.535959110657
750.1127517506479
13427.334047271062
784.6774679190169
2591.1113286835453
158.32326379617052
17046.975339486016
993.6858682865895
15393.648439879216
16167.36501350949
8378.506904450804
1497.024571096897
-312.77019220987955
244.27494475444166
15188.701355944293
9646.647718503575
23971.782945703468
14119.45328744923
6053.099288585036
7343.904553206452
18129.3047617921
-486.7745863214135
17712.62632300978
17077.882040047647
30282.922393603996
26117.417871411744
5067.810907631863
17906.63675154373
636.8225739111502
25349.12683845634
12032.64261383911
12303.159029534181
5048.537534715484
-349.4578202173114
28741.971445848794
3731.0126672521237
2047.117442157616
8513.719245953858
3565.295862605174
7834.029632324046
10897.253850598261
-423.6712610381345
11806.83889320344
24393.380817317466
4355.979665160039
28791.687044093018
9813.866242966553
5615.389380503415
1985.2055484858652
12517.971523454782
10971.663894352812
19969.712300017723
4824.981592510889
-52.005781282205135
19149.045626952746
28317.91252481639
4131.495307281117
4576.722920826016
6010.288916612975
24401.076452692065
3153.68564987878
-387.45440441978474
7273.8003747905295
-158.96362052063145
14343.925621147455
7776.361163708817
-218.52886206762244
16017.780825521117
4518.507742124299
40026.51328217387
6521.680999344588
10561.71458560278
20864.16853326857
11.384194978574925
18189.757368136445
16034.721156796813
-187.05340891132755
921.9410595424474
6006.879887070507
41926.25797008028
27221.652429237347
22838.345872774902
11250.161563698202
15974.001677657043
18340.63008136894
4967.268603200403
24245.412560857087
62675.659192271276
19.088638969883334
23565.537821563583
-301.3252881323298
25814.175098839907
18499.645945249
21366.93725476166
50805.845360672465
6051.300566474938
13931.372086011432
14994.096591936768
4405.367545752723
5879.231184709071
