0
596.2869474738836
2722.4188815280795
39.08600464090705
1529.6206682175398
1394.8664391636848
2117.8358214199543
1314.6735630854964
-50.91086485981941
15.94367054104805
3223.6076240986586
338.2050296962261
1146.8042012900114
-91.24239778518677
1476.3992480561137
2350.435457482934
14.37694637477398
-55.409249261021614
-64.83971175551414
1066.2167018577456
981.4247961491346
4445.542649373412
33.03105270862579
783.5601183474064
3764.8653633072972
1398.5782147049904
2910.2250171005726
969.6801324672997
239.83006908744574
3357.987097337842
3150.9295154213905
2902.246663093567
2276.5176621973515
1992.690690562129
3848.5810569114983
287.45142200775445
2478.492278754711
705.710951924324
4111.661589622498
3650.8257153332233
22.318490713834763
2020.0931414961815
1418.0056297779083
840.5003710389137
89.85062737762928
938.6142422705889
792.3939044773579
1757.83979152143
-114.25005957484245
1071.4710811376572
2433.975858822465
2878.036420069635
2309.720818698406
17.482610501348972
9542.032964542508
4543.481557875872
1845.552760489285
735.91871920228
-111.9846228659153
4043.7696742117405
5690.960303043947
2622.752689547837
2087.4885122179985
624.381536334753
56.64634828269482
3022.367183431983
476.0190009176731
1929.8918297737837
776.8474978804588
1301.371791049838
964.9880029261112
-121.5666832998395
939.711289793253
861.3896750472486
1868.5179071873426
3424.061319515109
3924.984815251082
1750.5265735909343
1663.3532771654427
1119.4337604343891
1307.7398442029953
1567.2309522926807
1836.1152163296938
986.8876857161522
3575.675572156906
1042.235130880028
658.9269478730857
859.8024333138019
2307.6907052621245
1705.789485052228
3123.6085724532604
1167.7196434736252
-65.67682018876076
3337.4432014748454
696.4627293944359
12.287210166454315
2250.88363481313
-66.24095113575459
-77.65510168857872
931.5106399357319
2763.8622993826866
3853.436771661043
1830.119594104588
2508.6525244638324
39.03541141748428
523.7323137968779
2703.341162145138
542.3287571910769
989.2219608277082
2394.1437478512526
2570.5653506964445
1421.3752337098122
2505.8087668046355
1141.5644746422768
710.4377011954784
-27.290453225374222
448.65806183964014
-105.58035875856876
2789.409838616848
3376.8330015745014
1020.2121892645955
4172.683937370777
2034.8957955278456
1032.5736876428127
473.52240282297134
2416.25254791975
116.33433851599693
3888.635565765202
1994.5254223272204
164.10320675373077
3365.014970295131
1089.3878971636295
4109.715111672878
70.17540609836578
1229.1076713874936
367.25537987053394
4382.194220609963
771.2610594630241
2413.400556176901
1071.941436342895
159.9636390376836
2784.2830886021256
5153.499281853437
39.315242663025856
2652.847778894007
679.1378277242184
1108.0260739922523
1946.2383625209332
2297.7714325636625
3034.008806064725
-108.63271874189377
3639.765132298693
736.1275129280984
2573.073276538402
1281.094359971583
1402.3993939030915
2329.733637996018
4279.374152220786
2905.828038915992
500.1552653312683
1021.6306695714593
127.92298924177885
1616.4713319242
1604.4857992082834
-12.910629611462355
64.54158092755824
777.2260445952415
1510.1854062527418
1961.671450972557
3163.150239147246
2780.8088765367866
1450.3279004767537
2216.5819818750024
2965.7669570744038
1960.086418904364
549.934255078435
2601.9007399752736
2873.7914209142327
2915.1333802193403
2006.2136725336313
1691.4388069063425
3486.817519828677
1697.4350605867803
4077.2757806554437
2112.0726182460785
1840.18870023638
627.2783709913492
1743.5147338956594
2829.8088036626577
3736.423965703696
201.1775492578745
216.01262421160936
1179.3157851547003
1816.4272337835282
2726.1004613749683
2379.349365018308
2399.083528742194
3489.0833987668157
4124.604273229837
4088.9053987786174
1285.275081537664
1536.144982483238
1373.899021461606
-64.07568633556366
1165.7099517844617
860.953084371984
1816.193587642163
2522.357287697494
709.8397888578475
2302.2700581029058
447.49361833930016
2384.5944565981627
114.73150295764208
1659.9802272319794
2726.4409921616316
1062.0229397267103
-35.99330471456051
2719.495233349502
1550.98877992481
2002.0721840783954
5143.344907158986
4712.058958604932
1754.5132717266679
2191.956300549209
1282.0535479485989
2098.714892372489
1380.2096009999514
4065.0159177333117
4999.539818942547
4828.26896455884
2799.6984388269484
1030.3567122668028
5712.021546259522
3068.824674386531
88.60514944791794
1658.93573397398
3776.5879974365234
2026.5499943196774
707.2215141355991
3466.5165941417217
665.8180017620325
1596.90593755804
3027.144119452685
3301.409570429474
200.4026484414935
-129.3212609887123
6182.846909672022
8392.687702268362
513.6850752532482
762.752830311656
63.86618122458458
1259.765002220869
51.60027076303959
6058.111312910914
2444.8087379932404
-19.89643484354019
1492.8980451375246
3275.5857349969447
649.3857119530439
1213.0336373224854
4782.252570323646
566.4756242111325
2515.0002630203962
-64.92278675734997
1501.6644828692079
2226.2681438736618
2289.5697684288025
214.6184115409851
3013.5410244241357
1237.7310344427824
859.0863170698285
1941.2744270600379
-134.87917971611023
-127.52989205345511
1411.708109304309
721.5149601101875
943.7159012109041
2970.775747552514
4030.3655745983124
1314.684134721756
1018.8165738135576
932.4013867452741
3233.4026209786534
799.6763717979193
3594.0630907416344
2962.3383595198393
-46.36360988020897
-52.50778026878834
1111.6951638385653
3292.6985807046294
1553.7832775823772
1001.6970800384879
-71.2893747985363
481.700786113739
4515.346733562648
5404.734910942614
-140.22425246238708
1763.9720381051302
1730.5213678255677
-5.037432920187712
816.5568647682667
1375.8306303918362
1396.4545027539134
2042.5667693912983
1699.799049243331
944.6704177297652
5442.518532149494
3731.8553102575243
4558.314187519252
1290.7725277394056
758.4074542671442
1400.576001778245
1647.1503683328629
3191.6516720950603
2591.5602816417813
1281.5108604729176
108.5826358012855
8.370530664920807
16.283795453608036
4043.190296754241
3615.1442464739084
-55.45893558114767
-117.22380349040031
1755.6577380597591
3592.8955485522747
1623.5976046919823
2284.736444108188
2716.3300562538207
1517.90905238688
1532.246993035078
2638.1084113568068
5669.058997914195
4856.810956723988
1601.6434265226126
2562.4036324098706
340.58538749068975
2869.8571064174175
1583.9955206811428
1466.815799176693
1483.0167082697153
-112.53914401680231
1281.6577783674002
1202.3234753161669
5747.8366613369435
-63.830335438251495
1373.997672431171
3569.3473487645388
-120.01845820248127
3517.8259016871452
3823.1656325906515
4382.264227613807
4022.8969508111477
4763.02748420462
1438.3399118483067
3650.848914824426
212.92657978832722
13902.486072562635
842.3894493281841
318.9514999985695
888.0664159953594
-47.00925600528717
1330.3943907245994
4336.651261344552
2844.2990454658866
3622.8440726920962
4078.1046056449413
1315.7202179580927
1826.7675954252481
3157.618919841945
2876.8976515829563
1146.5205847024918
1272.131378620863
-11.45918051339686
1566.5341978818178
3447.0232329983264
327.6556280851364
2979.672423712909
4304.851006314158
3597.338357310742
1870.4973133653402
3897.2314944192767
4130.130906268954
610.8438845872879
4330.750974491239
3333.8596423640847
2152.515323281288
3215.7197738587856
4327.800880195573
3312.0894335824996
1681.297648049891
6.440892547369003
2285.19412236847
1291.8837185502052
1017.4412559680641
752.4318736344576
2789.5565247684717
111.40422612428665
3993.3507829755545
3571.9536926448345
3290.7397354617715
-87.47855881601572
2160.570036675781
3901.8873972147703
2166.556658357382
958.2601969540119
509.94616973400116
2478.9964443296194
-155.54433979094028
3195.1357601098716
3802.3947262242436
475.55797223746777
858.1726199686527
4403.845594212413
-80.79962500929832
2253.6428540870547
869.599624928087
937.1634984910488
3435.0863621644676
1280.5373328365386
246.85615073889494
2524.9063328653574
4597.8204145133495
2870.873797494918
2623.737484049052
-65.23551027476788
4144.869800399989
2881.268498197198
1985.4226138293743
3624.7821642532945
-72.78455847501755
1874.5277642793953
943.4660929441452
2268.234192915261
-78.36358168721199
3589.107365719974
3435.734334744513
277.3570608943701
-60.28760050237179
1955.5818067863584
2434.4256028681993
2048.46933542192
4292.263393800706
3437.9178675562143
-6.891277641057968
3878.412432640791
349.47019542753696
3979.638159394264
2882.700431369245
-67.34376634657383
1514.9195617549121
3426.456551268697
5820.8101180791855
2998.586297363043
5056.270246587694
1970.0016087405384
2539.8240002393723
-82.34932705387473
225.98779019713402
1380.1885681301355
581.0049624443054
3622.468227557838
3264.3764068111777
-48.893444925546646
586.7772123217583
3519.528741940856
-26.04552462697029
2005.7425413057208
-47.8940044939518
10072.065514804795
5241.784020006657
2522.9799570087343
8868.434213569388
-6.670976221561432
-83.5495426505804
1343.2880618534982
773.6127474457026
611.1892697662115
-68.34078273177147
3384.856680419296
5934.534100964665
2578.5243526976556
988.6973036453128
1153.6034726798534
1061.6134791523218
940.259007923305
2739.7645311392844
-4.931746274232864
2422.8054512888193
600.0808406323195
4173.943681880832
3473.625304352492
4753.038163371384
4526.877508454025
5433.379501705989
-93.25991225242615
1596.200918134302
1821.0382035821676
144.58624090254307
-19.162700474262238
841.2899725809693
3357.3697142638266
3833.98399938643
3410.552864715457
1041.519207507372
1001.9461366683245
1868.6178180277348
1616.5245984643698
3071.8304758369923
4623.46966939047
4270.05561440438
11.790644764900208
2301.7778721898794
1695.8889028690755
3263.445012114942
3843.407254625112
-41.826746970415115
2101.3383485227823
1286.3528345525265
1462.4859278351068
2163.002545632422
2951.0017462596297
1448.229859009385
3878.4914467241615
2002.9155049957335
2529.606635455042
-19.43504422903061
4875.2791731879115
3405.2006203979254
1571.5618908032775
4895.018215794116
2648.8392210528255
1362.8613274544477
4111.652764712926
1831.3102680109441
1857.790309920907
2129.0185251533985
3733.846025891602
2954.8120394051075
485.21826842427254
2842.0885612368584
2884.4142614789307
2994.540497291833
2625.486046910286
2071.8513698391616
1634.309237189591
1263.2719975039363
3803.562467932701
1900.5546694770455
4006.00591981411
4287.557936983183
1428.9950677230954
2902.0097490102053
1469.9766326248646
1035.2944078147411
4282.6164187937975
7.879740580916405
3254.6392320394516
4354.086018100381
6741.281986985356
2402.9903393387794
1488.7740349769592
1880.063096769154
1105.7001984417439
1966.0300955325365
1554.6345844492316
2730.498910829425
1423.1224020421505
3689.170648071915
-90.94134587049484
2722.2383245392703
206.335929594934
2502.1374882012606
2943.850044094026
291.66993632912636
3058.8505326211452
816.23724443838
1841.9039116105996
1404.7652371004224
2927.2851043492556
747.9635783471167
1233.0503674596548
1941.5459109395742
2913.6779615432024
1926.2691324055195
4452.033940434456
57.8563798815012
-76.03962206840515
565.7543923258781
2216.002608627081
2507.3081429302692
2483.8800751641393
-33.80329832434654
2673.7300946712494
797.0830255821347
1126.857603520155
2582.023709524423
3480.541420094669
388.0227729231119
592.7254224885255
2002.0081966333091
2003.593330040574
1983.220094025135
1125.6524411477149
1311.2915478795767
723.2078216001391
4749.939266424626
493.2157122679055
2417.9380134418607
3124.469477750361
4288.835222117603
2471.439063079655
3052.7815621457994
4181.213840831071
2914.112851575017
4360.118817687035
3963.1760844402015
2369.893695667386
1447.4935828596354
-111.52848257124424
1041.7519018352032
3059.582909964025
5705.258852273226
1611.9189838543534
3829.8991345763206
1051.6210108920932
1742.3195090806112
5761.85167042166
472.0994014143944
1270.1681580841541
4118.981310952455
1857.9314475934952
2127.4984716922045
2025.8136092573404
1909.158387415111
-49.54028970003128
1347.7514079362154
794.1745966672897
1281.128445763141
5153.190055280924
2177.42009101063
4645.233441580087
2972.8526614308357
2026.5420680642128
3293.73366073519
1798.9774461388588
3315.475369270891
2125.7269565463066
1400.4998271912336
2102.9311481378973
3683.529020614922
3910.3972559683025
3048.058054998517
3016.1000570356846
368.5451059490442
2148.658685132861
1361.7109650224447
1427.4530984535813
3489.608116440475
2948.151733338833
1277.4413330443203
3057.4846471846104
3065.277885876596
2882.674028493464
2711.8637008219957
4051.981186181307
1162.0234001874924
892.2602258324623
4735.215933680534
1549.4430867694318
3300.350522804889
615.6515112258494
3685.039637334645
579.9129066765308
99.88361180573702
1408.0637774392962
1294.8753134459257
1921.4904867019504
662.6219010204077
2377.340879663825
1658.0208960138261
2664.776241339743
4492.4966767169535
2039.6236227191985
2621.052805200219
1134.5652641877532
630.7200616896152
2712.4176377505064
3137.5320651698858
1941.8963047079742
3591.640926092863
5487.219381440431
895.9607745930552
2073.3561757206917
1537.3943877629936
-14.881918877363205
1681.679655432701
-71.7488539814949
1739.8384983520955
2040.6503194198012
293.38930452242494
2935.3582772910595
1307.1824645977467
3249.88986492157
3914.657906530425
1304.9754254873842
3351.563938790001
1460.3929012417793
1108.3839690983295
-154.17787474393845
2407.6754882521927
3490.7255427204072
2279.943515073508
2662.5230537950993
2318.4342407360673
2108.2762882634997
1795.7853925004601
2060.2231703326106
1808.955703176558
4558.913008529693
1630.4592505842447
2756.996371641755
1960.2791595757008
3897.896112304181
1742.722376741469
1214.6274920238648
551.4494609832764
3450.6812451295555
1805.6485123950988
1218.6350059583783
-72.2854491174221
2884.337999563664
4025.505221441388
2436.3206634670496
-68.37250703573227
794.1920372098684
4878.683588772081
4113.108826506883
3491.834396969527
1038.701560286805
5073.146217465401
