0
20018.21734448895
-361.1982163786888
10683.76492716372
20039.381402619183
3600.2672842144966
1311.4532473683357
37983.96560381167
27204.081297181547
7675.130802169442
20022.45117397979
5518.391848821193
37990.554604101926
7902.718129232526
17258.697917545214
40984.660762026906
66357.0453942637
55960.55177178234
13234.358638375998
35762.93453157693
4156.860565058887
48518.33957053721
29514.954341314733
53848.0662782304
45763.465576060116
355.26299372315407
4379.05332788825
40129.092970080674
46955.93850005418
60007.247407734394
10012.586236521602
36821.02470912039
45224.80158448219
48150.81592660397
78909.1815296933
63848.357324153185
61704.731984101236
43339.72631210461
37015.070497468114
29287.304079011083
18467.341275662184
30743.336775843054
71514.77865613997
52016.36847317219
41904.22783464193
53431.348511669785
62225.179684031755
65554.16442021728
56043.85372515768
57540.89901987463
56071.52891375822
31023.975386098027
60333.07739099488
41865.8778693527
55497.43995063007
55136.88747830689
44689.58361916244
41585.04602000117
64254.01681244373
72617.72023620084
67403.95301032811
47912.327099740505
72216.3500284683
83010.54549898952
34110.994317270815
62612.033456750214
85473.77521120012
54972.57850639522
53188.1016382575
53954.26147907972
42741.602351628244
46521.17847904563
62169.508458273485
47601.5335200727
39938.98667594418
38942.8585030511
57752.65377432108
40577.34637670219
48765.65548297018
40898.139654658735
63474.0032639727
22023.483429923654
47075.04629361909
57279.156888667494
65597.92263388634
85590.4127792269
50998.99889700115
70581.57226322219
41986.58445421141
24659.95518596843
62673.75671040267
71262.23443460464
69923.81335414946
66659.88483699039
45202.13298499584
57056.17140304297
78272.93039858341
48360.22511551157
61731.79710827768
57403.860856331885
7275.459434334189
76176.12000212073
49127.535452907905
39584.16567163542
58666.03824727237
81186.86637401581
58618.46499912441
71499.44791255519
78614.10029981285
55756.34578086436
69203.0662902072
29149.32998996228
70492.29139655828
67918.89647446573
53646.301823761314
66893.20227235556
60651.1638282612
73703.21152474731
60301.64593415335
45081.58256098628
60236.82149045169
83254.88087892532
41102.661550221965
53350.104186572134
33310.832103192806
28856.988251870498
42664.54182146117
33855.29113586992
68528.95019050688
59607.158922702074
65091.46234486252
56495.85759740323
63439.86449114978
52716.18270593695
72641.60649296593
45382.319931946695
75857.87476558238
68207.52760503441
19815.740970224142
65226.42054062337
59728.68629053235
36010.35920555238
54224.00963690132
73522.73233522661
60846.562798172235
27535.16363926232
62290.58566894382
23321.131031028926
57572.143233790994
41846.170251769945
60034.88428208977
72927.65846008435
52002.66636263579
57594.988191816956
78390.46894606203
39700.46780012548
57018.20936214179
68410.68807879463
78209.48690705001
58149.22795638442
67196.9063719362
63053.62628178671
61780.98967848346
71578.81559487432
46968.35064005107
68337.74718396366
66642.74159174412
79134.00218456984
59975.65803024918
64737.04514489975
70034.91666074842
76972.25994270992
33891.806931559
69772.76135023683
71383.75342731178
59676.970613114536
48393.57052967884
63587.44989365339
61224.07795660198
73498.22490442544
41474.06730124727
40476.04738784954
61367.99226552248
77248.85335482657
48448.431660719216
50734.44130219519
38263.037225867156
82316.08038432896
54282.94652644545
60892.986974511296
65217.23119914532
74334.34557188302
61869.25245658261
64207.65205336735
66745.21967830136
74131.28682360053
57296.46337952465
25293.128968849778
64369.745210818946
74298.17329704762
65421.82807404548
69058.79244551063
66120.86397451116
23844.44602947682
44177.63628348708
91371.67124412954
81706.256223768
54578.21099206805
68612.46350862831
26787.49607615173
53557.11109742522
50082.268296349794
40182.86564312875
52628.301746957004
49579.80196990073
30257.80674237758
45858.76405408606
59191.51583097875
41807.82529672608
63111.35321855545
