0
635.7417797856033
13169.91356967017
3467.8286020457745
12448.516565300524
34839.759061820805
32796.1511477828
67549.61383379996
59178.11144284904
43575.423245057464
12461.235451772809
12068.698294460773
10446.790686139138
27805.95631673932
32098.629725053906
63713.97248029709
21749.320100694895
32310.218608528376
64259.102103076875
48998.402540907264
45109.40232858062
28503.44719517976
76656.19999930263
26126.146972216666
51937.2936193645
41938.055859692395
68404.62322840467
81950.99679026753
71248.17680858076
34945.48259552568
51171.468417309225
29540.48945210874
63728.800104931
33614.70651106909
41192.9995533824
30962.220144942403
60859.27803687751
61914.78189870715
77840.12142308056
72510.74256420135
51798.1035348773
68065.22040627897
15695.555599033833
32545.03641963005
75632.75901917368
51083.666493818164
43299.80542816222
101950.23568250239
79749.05787803233
77773.21814212948
76657.72821273655
48963.804781772196
67479.74349103868
64155.85113555193
33843.93376797438
78127.85900492221
102877.42768995464
87500.86750853807
26787.46676005423
61582.77315028012
29793.37011307478
40391.48575000465
90887.92922744527
54003.63729864359
38276.35509930551
75802.49198842794
92608.59059043229
64053.81141886115
45460.49855880439
102043.19749195129
68334.41475929692
108590.22803589702
53545.73677008506
52113.86545423418
86522.20272153616
60576.579418331385
76889.00677852333
59910.95555126667
60639.89441011101
57133.61785329878
76367.69862800837
98282.62919723988
55812.631474882364
30730.338632017374
26293.65610599518
87601.96849867702
49223.08809533715
67266.2407665234
28687.89651121013
54552.09811702371
61385.69074636325
62351.11837655306
39570.33278673887
59705.94970939681
66464.07862912863
65086.693454328924
66770.99982034415
49497.419778741896
76080.15903696418
34732.2783832252
38325.2425660193
64859.21203862876
33638.96727940068
96258.72667564079
38118.429624810815
78805.83468578756
79756.5115173161
107940.44092579745
62152.672651708126
88482.4077944085
20446.902872994542
42322.20475398004
73329.83551492915
84717.06705333665
73205.75675303116
52055.21313402802
94673.11580382288
59734.16113127023
76389.65815998614
61778.0721212551
109598.28607797623
41616.975861266255
53067.790160402656
27022.645213603973
94607.99294784665
94065.95393911004
71971.57128483057
58289.21757020056
65605.51540742628
95643.12146876007
56656.819962374866
55644.910512678325
86203.99073429406
75582.17685379088
53212.68760064617
29616.81983321905
83654.9313374795
60155.903003290296
71381.82156831026
87306.1902616173
101549.22441398725
75521.45659944043
83576.38330891728
25766.637690141797
66077.1221941337
36267.48267430812
96314.93858044967
77605.72826642543
12000.28383590281
87642.50337483361
100399.7139492631
76744.0460087359
74110.13251576573
37810.491669252515
68478.33804219961
72766.16576697677
74388.84932871908
70503.69667522609
42035.20690999925
59637.18585053459
50044.27094139159
75348.12045820057
87213.16146414727
85824.0485165827
42802.60415434837
95872.87667470053
85715.90270629153
90285.23625023663
82129.64611174539
55413.66561535746
95290.9530696692
69305.11018384248
46768.903077468276
63418.99366809055
50992.63309631497
52970.624854527414
32060.59713528026
90747.34627746046
76244.42367494106
79886.93544071168
