0
11798.688544519246
14412.273698113859
52706.13251898438
1768.4011750668287
16877.794504091144
15134.546266570687
2633.8922917097807
24075.795559585094
28922.680439278483
13812.734042145312
11773.293077349663
3696.7694663628936
39829.63001791388
2888.302149362862
11899.808657504618
46961.15049596876
42033.4755391255
26624.438782613724
52665.96421971917
50693.48696216941
51717.08682742715
11250.671957656741
13119.972553625703
62513.033366482705
51808.681473359466
38230.98224315792
9781.614519804716
38878.7553743273
43746.65669243783
52513.247372582555
43414.72431987524
34102.087180018425
16345.785141959786
6668.972611427307
61868.479894287884
72337.8822427988
79239.6357671055
35362.32176557183
37818.50296353921
51421.7276154086
38707.28430733085
49500.02243641764
42245.69671995938
48751.65301229805
59116.97574369609
75178.12304899096
41434.40495721996
76838.38023308665
96722.3231292516
44691.89642854035
44265.75373440981
44933.31787819043
74277.86554209888
68659.50805971399
26016.479874923825
41176.65861222893
71350.14384612441
41448.341550529
12511.984767764807
42245.567679293454
60150.766192525625
47576.43759582192
76039.58994194865
80291.34353727102
67052.48788252473
76975.84251247346
48432.86299275234
58711.206652484834
36378.75916009769
56261.30595391616
69670.22177305073
55300.48262914643
35866.105079036206
26087.78017655015
65536.78373688832
40790.66379528493
50392.734949439764
42142.39492719993
42968.626486901194
53302.43786044419
28299.33389224112
57521.94041026756
70983.38369803503
54044.69679836184
70554.66952320188
18309.848853088915
58497.65883196145
65501.181120052934
33239.549250118434
57550.27879986912
73777.12671812624
70961.95246238261
51089.99551368877
32592.886332198977
48898.30536581576
63946.39196281135
72630.77073317021
39039.3486693874
46939.63000290096
67498.0808102712
43318.5404477641
13667.70151656121
98885.69260600954
56032.067142650485
89099.35610115994
64477.375081554055
41894.38545732759
56388.4948284924
49631.60549558699
62645.53599476814
27473.577763736248
76047.49371703714
59069.905702415854
49491.63278028369
63909.24357017502
66343.08228911832
67061.49407290854
59167.46447850019
56294.13340134546
60292.88300342858
53808.24603384361
17140.69943729788
66512.95409914106
66048.95055335015
47503.07403469458
57776.78549188189
73794.15357299149
44162.462151274085
92727.31540068984
53091.95110425353
59483.85856313631
30696.196177452803
61352.45768170804
64859.558224026114
49797.55602092296
42533.59963558614
59516.036178004
77139.20721996576
63861.7711135
57217.97415504232
45548.6446460383
19382.33852999285
62170.78567263437
76076.84104241431
53492.83194867894
50609.17524062097
51477.18233181164
51198.000301495194
58422.1744992584
57309.77788794786
58604.369118995965
53908.29004697502
46350.149519741535
53480.53878698498
48511.40090521425
60398.192822150886
48767.44650768116
57442.57765774615
46531.006808155216
50009.33290692046
59017.81587827951
76908.8270553574
23901.296942830086
59211.51495316066
65475.68787405267
48041.67035423219
43606.5141858533
46905.24130988866
77781.18958050385
43447.211982673034
69061.56573334709
49209.94909286499
90783.12496777624
49331.70741934329
60184.875118769705
74570.86211843416
36159.48832342401
50268.076380975544
53199.3517241627
52115.34090983216
64857.57915824652
76395.91506863013
72084.61062324047
57461.48605052382
79079.13364080712
63793.21034543216
50482.632281063125
75039.09430593252
74094.66295667738
29269.859861284494
41563.413728922606
60531.60641808063
56697.68316414207
42908.10812043026
42572.27887282148
59518.95141668618
33470.75023682788
62701.31642907858
59500.024629514664
35411.71076566912
42269.86218722537
58572.36284657847
70613.73826264171
41835.52667153999
57364.64975453913
42475.78754939139
59250.8235290274
68769.11194246262
80876.83147799224
45302.7959577553
79119.77937534451
62300.216894540936
48124.20842599124
60115.30193859711
77531.24700646847
58130.39244286716
60216.14817112684
62650.185247026384
54368.16307615489
