0
34794.33056238224
34206.19339550845
18801.279171146452
47700.22821880877
12062.516892887652
43336.71014446765
32188.788304254413
55613.44183040783
62886.123438254
37855.164060629904
35392.120467722416
2042.6686095446348
18376.91617667675
67328.71036157012
74662.57727652788
36699.36784282327
41310.888280682266
53677.96952575445
34207.79514569789
27780.33081997186
30840.361331924796
70874.86453831196
22034.07947048545
47919.337973967195
54062.61857222766
53684.37097750604
68134.22994017601
82532.80053138733
11701.597227528691
19230.825317800045
56324.93986919522
17736.76040172577
58034.60345648229
3923.7983952462673
34934.76551644504
60680.453417003155
38461.06198631227
21952.498806603253
43150.68387530744
34812.019973136485
55028.97207612172
52983.789452165365
37270.63733510673
59694.36974540353
52423.21661423892
70659.24128023908
67039.48767244816
59066.563313640654
63937.39411903545
42637.639037780464
38896.175789907575
72550.13018324971
64683.38026505895
66142.79984625056
49496.080748811364
49656.40447281301
28785.193292200565
57084.0871501714
45172.345585264266
73269.29417736828
67214.58339530975
91976.11472088844
48165.61638908461
65876.86987337656
5220.339550673962
28904.786701202393
26139.623702317476
36761.34087994695
19617.226235754788
60492.60861758143
53875.99233597517
31269.412902146578
54241.898283176124
21075.78554868698
51953.62097259611
23841.288906559348
85008.95527221728
87263.7391903624
71293.53938154876
70790.39831787348
68449.60582144558
82067.14952088892
66314.60881322622
95013.83774608374
61045.415127426386
64996.287671774626
60587.20227133483
32490.197429805994
34997.62313000858
41143.60309243202
37094.1523225978
60213.572229892015
27242.09284454584
59762.50646363944
91126.6864922829
75182.29333873838
97673.59923627228
47542.5487101078
66448.24626736343
49558.337208256125
35134.36060361564
68312.47698307037
6264.756043404341
43830.423284731805
63005.029746964574
71099.71007212996
77325.3017989546
87712.25070562214
60641.526073254645
93134.37320895493
81589.48165211827
54147.87543959916
52897.5080973655
80828.7030153349
58425.20963732153
35413.95161628723
57157.300172150135
78497.27828733623
81043.06868292391
61092.42901591584
88911.59215405583
78841.4345421642
81804.71399493515
73950.12799218297
62599.29620169103
77596.37922089547
60223.023357503116
52065.4842761904
42442.11410135031
40548.23278002441
86346.34921371937
18698.633435368538
62662.70105612278
13912.862417846918
54955.315522141755
81251.82445764542
83730.7376332581
87549.4828100875
35832.493826299906
51574.02436248958
78214.02247373015
59531.363362669945
71713.31889782101
71657.52393186092
103841.61587938666
73657.05520601943
65432.447173297405
19569.294240027666
83681.42472397536
84970.12137969956
85361.26268777996
34069.701090566814
37490.99753726274
49068.08635182679
71824.00987319648
82680.73663899675
90373.0951404199
88906.65187999606
76849.88550141454
91967.33145081204
51649.62367784232
39439.12181198597
41681.20859000832
67067.64276479371
29769.49596501887
50173.299257196486
52813.08264128864
78115.13778535649
110015.61621382833
68486.87500625849
100806.91339343786
75470.0821204437
58653.30689236522
60279.4229593873
49929.972293674946
79332.83900134265
79554.7204547748
40209.78826388717
56608.15149896953
