0
5565.349999999999
97.45
252.65
765.1500000000001
8339.6
891.05
67.05000000000001
265.35
87.9
196.79999999999998
349.3
15624.95
156.85000000000002
-4.699999999999999
57.05
197.8
17.75
648.9
42.7
-8.149999999999999
19.9
-28.9
7454.549999999999
6.350000000000001
526.3000000000001
834.25
42.0
251.3
371.1
293.85
34.25
119.19999999999999
6224.75
39.0
113.25
41.0
178.95
-20.85
18824.2
36.15
90.10000000000001
246.25
698.4499999999999
5.700000000000003
96.89999999999998
89.44999999999999
-21.0
230.14999999999998
4.700000000000003
2299.4
71.10000000000001
3.8500000000000014
48.14999999999999
191.15
372.9
82.25
435.45
41.3
12.3
50.95
451.0
4.050000000000004
114.14999999999999
44.949999999999996
-29.0
313.25
499.15
880.25
639.7
-16.75
1466.4499999999998
66.5
162.25
142.15
1305.9
270.09999999999997
322.3
558.3
58.2
-29.0
-28.75
278.84999999999997
156.65
336.04999999999995
46982.94999999999
7.299999999999997
10206.9
89.50000000000001
31.650000000000006
448.4000000000001
325.05
628.25
276.50000000000006
-2.650000000000002
354.54999999999995
221.3
26.15
621.2
160.35000000000002
1130.15
163.50000000000003
45.349999999999994
53.7
37.30000000000001
38.25
-29.0
-5.299999999999998
31672.449999999997
56.2
-25.1
17.25
-1.450000000000001
8.149999999999999
301.59999999999997
378.70000000000005
107.55000000000001
425.75
60.2
-29.0
981.75
103.05
347.9
31074.700000000004
580.15
-25.8
336.55
110.19999999999999
1690.2000000000003
157.3
15013.9
213.8
608.3
52.8
-12.100000000000001
11304.9
14197.25
41.1
283.5
81.60000000000001
19354.8
219.90000000000003
977.6
3842.05
-23.0
533.0
556.9000000000001
573.85
23269.35
118.64999999999998
413.05
29676.35
19.9
0.1999999999999993
92.35
82.8
13.850000000000001
80.5
-22.85
326.6
40486.35
356.25
977.5
26.85
75.05000000000001
6228.6
-20.25
611.55
235.8
258.3
-27.75
620.4
-12.05
-0.09999999999999787
148.85000000000002
-29.0
10.349999999999998
132.95
15257.149999999998
105.4
628.05
3674.95
20.75
131.39999999999998
133.0
-15.0
287.25
203.15
104.55
-29.0
2230.0
459.75
5293.0
155.35
-6.5
114.65
409.2
2338.0
215.1
2878.3500000000004
33.75
45113.950000000004
359.1
184.84999999999997
39.1
142.45
769.6500000000001
308.25
100.05000000000001
66.39999999999999
