0
19777.95
3182.2999999999997
4379.500000000001
1048.1499999999999
1768.6999999999996
80576.89999999998
126.55000000000001
695.6500000000001
630.9999999999999
101.6
550.6
48.55000000000001
446.44999999999993
1412.4000000000003
347.25
1371.1999999999998
131076.19999999998
-2.450000000000003
323.4000000000001
198.45000000000005
886.6999999999999
125236.54999999999
1090.25
94241.5
1579.8000000000004
67.89999999999998
1806.1999999999998
34541.25
199.3
-11.199999999999989
541.1999999999999
1736.85
-69.2
275.54999999999995
2937.1499999999996
25.099999999999994
1352.9
246.99999999999994
446.90000000000003
1498.7499999999993
101.89999999999998
-7.900000000000006
1613.85
451.75
536.2000000000002
1177.8999999999999
28430.9
6924.3499999999985
-41.500000000000014
33.29999999999998
12.600000000000023
1600.15
1566.5499999999995
-11.950000000000003
560.3000000000001
2213.1000000000004
2894.6499999999996
28756.949999999993
269.6
156.7
1258.25
-13.75
379.94999999999993
784.0500000000001
469.29999999999995
18.400000000000006
327.05
448.9
568.7
117702.2
63409.8
2077.5499999999997
1607.0500000000006
99.65
1012.3999999999999
3250.4000000000005
1309.5000000000002
1961.9500000000003
982.6500000000001
1445.1500000000003
836.4999999999999
594.75
-40.25
1362.8000000000002
222.14999999999998
1045.6000000000001
645.8499999999999
691.6999999999999
328.24999999999994
262.0
4051.750000000001
7411.700000000002
14.650000000000006
428.45000000000005
772.2500000000001
78.69999999999999
460.79999999999984
-29.499999999999993
1203.2999999999997
739.8
463.20000000000005
1612.1000000000001
236.24999999999994
236.34999999999997
1079.0000000000002
1338.3500000000001
774.6000000000003
294.15000000000003
15203.900000000001
719.05
783.7
94760.05
4744.1
843.9499999999999
817.2499999999999
164.14999999999998
216.5
555.8499999999999
1351.7
751.45
25544.6
-90.0
-16.249999999999986
44780.7
616.0499999999998
-7.099999999999994
7920.699999999998
-79.55
757.6999999999999
200.75
961.3499999999999
736.9000000000001
3226.15
3041.8500000000004
777.2500000000001
450.54999999999995
964.9
2084.0500000000006
2162.3500000000004
-90.85
9885.199999999999
341.1500000000001
512.0999999999999
1128.9
165.84999999999997
-94.75
211.39999999999998
3613.7
1712.6999999999998
