0
2650.250000000001
6846.149999999996
14730.9
10614.35
13742.699999999999
2567.2999999999997
3732.100000000001
2300.7500000000014
2059.1999999999994
216284.00000000003
43370.54999999999
10808.95
9454.15000000001
9190.499999999998
2474.7500000000014
12246.350000000004
14380.250000000002
6990.350000000003
11891.349999999999
42606.549999999996
13596.550000000003
2126.45
99482.8
24727.200000000004
17698.949999999993
16302.5
33712.45
24076.95
114960.64999999997
176746.4
294612.65
86359.75
220222.75000000003
40037.0
178822.69999999995
27113.899999999994
163453.55
36954.24999999999
28753.05
136111.45
503999.4500000002
129344.80000000002
112385.40000000002
203616.34999999998
60792.60000000001
68578.40000000001
49615.5
199042.20000000004
153005.24999999997
18461.549999999996
14967.3
15074.900000000001
20835.1
140276.85
110268.05000000002
94890.85
90749.35
7604.350000000001
72259.04999999999
79483.45000000001
43093.99999999999
117720.24999999999
85922.45
184427.69999999998
18054.3
100803.55
5864.2
121705.7
97135.09999999999
65516.50000000001
40802.75
237352.05
30203.850000000002
79122.05
84770.34999999999
77119.80000000002
22681.54999999999
28581.4
65021.05000000001
127800.95000000003
24044.150000000005
55263.35
88726.45000000001
33316.600000000006
85164.79999999999
41418.45
92579.3
136842.95000000004
20913.450000000004
89765.85
130736.59999999999
50621.700000000004
70396.45
110261.09999999999
92683.25
111351.19999999997
88667.44999999998
24497.25
18472.1
104456.04999999997
193398.60000000003
49120.4
124465.4
59891.799999999974
169944.94999999998
38367.299999999996
39019.84999999999
130653.65
8656.300000000001
31330.449999999997
173171.55000000002
46558.950000000004
47009.65000000001
268229.55000000005
122652.55000000003
238116.34999999998
2249.250000000001
17211.65
5320.450000000002
28519.900000000005
3400.1999999999985
23198.050000000003
71674.74999999999
8642.4
5947.85
12283.149999999994
235180.80000000005
48519.950000000004
36837.45
26128.549999999996
10133.750000000002
13053.999999999998
83769.54999999996
42614.05
41479.85000000001
3354.55
37508.450000000004
180824.5
9377.950000000003
4190.6
4936.299999999999
17409.05
24042.600000000013
11738.7
99010.85
24411.25
3198.35
13202.850000000002
2237.7500000000005
10057.150000000003
7768.349999999998
21616.899999999987
60602.75000000001
5302.600000000001
5860.699999999999
2598.849999999999
11651.95
45221.450000000026
153361.95
18161.2
2800.35
11458.35
10833.100000000002
90024.99999999999
205090.50000000003
2558.9500000000007
15852.850000000006
6445.95
15375.650000000001
37392.84999999999
5184.05
16663.95
26579.899999999994
59155.6
7260.4
71976.45000000001
13917.2
5684.350000000001
44959.8
7248.7000000000035
6455.349999999998
25739.400000000005
15386.450000000006
180436.80000000005
4820.250000000001
26317.000000000004
28047.349999999995
27694.750000000007
3824.6500000000005
217487.44999999998
5519.499999999998
10983.949999999997
7920.550000000003
4744.549999999999
9514.35
562732.5499999998
19737.250000000004
20351.850000000006
2686.3
16714.54999999999
5014.049999999999
3078.7
3800.0500000000015
5533.800000000003
2252.7999999999993
2033.3000000000002
38429.3
8685.9
47387.8
19452.600000000013
1587.7499999999968
46550.19999999999
20552.800000000007
10451.050000000001
26722.449999999997
19754.600000000006
9567.300000000001
5703.9
12537.15
3760.1500000000015
4955.200000000002
15101.799999999997
11126.850000000006
12406.15
12892.9
21519.300000000003
22997.55
48936.450000000026
12045.199999999999
207394.65
20628.800000000003
3126.499999999998
6955.200000000001
15468.749999999998
4084.1000000000004
3259.7499999999995
7593.4
49103.700000000004
22083.85
114585.20000000001
5121.749999999997
453286.8999999999
2697.3999999999987
7458.749999999999
4704.099999999999
10378.249999999996
30570.900000000005
13500.000000000004
11711.750000000002
7246.750000000001
2516.2000000000016
6495.649999999998
129809.54999999999
7990.2000000000035
5250.649999999999
14033.500000000002
4244.999999999997
7429.399999999999
114982.24999999997
2903.4499999999966
13313.149999999998
16836.249999999996
6134.600000000001
3244.7499999999964
7306.749999999997
8280.300000000003
4361.9
16741.899999999998
1976.2499999999998
5956.0999999999985
54096.35000000001
6041.649999999997
68857.7
62861.8
2597.3
3939.3999999999987
3124.55
7653.199999999998
10236.7
