0
-17.19992697238922
1206.0096247196198
-16.745688319206238
-14.878748059272766
-22.70594835281372
-22.083770036697388
-20.283372402191162
-38.135164976119995
-133.48792970180511
-132.56356954574585
2829.3681558778
1940.0084513425827
-152.50916004180908
-154.71440076828003
116.1446224451065
-71.64588987827301
-129.16188061237335
-150.86136996746063
-134.2764711380005
-99.05132949352264
-219.60557878017426
-225.7104778289795
-220.74338495731354
-119.14059162139893
-230.45261323451996
-200.04270553588867
-212.51842498779297
-111.34182631969452
-201.37864708900452
-203.16256284713745
-201.49526178836823
880.7794827222824
-219.54126238822937
-220.49842536449432
-217.06822395324707
-131.58057808876038
-245.24111986160278
-255.7097864151001
-255.7647079229355
-124.45890426635742
-288.5598683357239
-270.93227565288544
-293.39862525463104
-226.12311720848083
-305.786674618721
-324.02773439884186
-300.2994900941849
-199.89232778549194
-354.38422203063965
-396.89214646816254
-347.7976059913635
-400.94328463077545
-386.5360003709793
-364.84461784362793
-225.63170313835144
-429.55221354961395
-424.62560176849365
-425.5180472135544
-231.56501352787018
-468.49722921848297
-480.6136906147003
-442.8158897161484
-293.64172995090485
-467.96738028526306
-544.5347493886948
-513.2091689109802
-294.5138359069824
-526.1427175998688
-562.1423983573914
-577.5882142782211
-277.94422924518585
-574.8707640171051
-569.4191509485245
-546.8112981319427
-326.36537849903107
-572.1755063533783
-605.7511794567108
-591.6803508996964
-333.3890736103058
-568.5387313365936
-581.5141224861145
-585.0756525993347
-333.37551832199097
-563.9910411834717
-567.720468044281
-562.3059493303299
-352.5331789255142
-560.0018244981766
-518.0948483943939
-550.8217054605484
-278.78566920757294
-521.163809299469
-497.4762684106827
-529.0119457244873
-248.1316316127777
-411.0629516839981
-392.1463406085968
-426.645969748497
-208.12705516815186
-331.3293504714966
-321.84260845184326
-328.44965398311615
-150.11655032634735
-255.23094415664673
-245.97379565238953
-243.2267791032791
-98.25116813182831
836.5809661149979
-164.73387002944946
3882.858389895172
-47.2041791677475
-75.7563042640686
925.9474349021912
-79.24108028411865
-3.0376052856445312
-3.052586317062378
-3.1502383947372437
-2.902349829673767
-36.40085816383362
-76.26012921333313
-73.86404633522034
1737.9093265533447
-74.45535182952881
2121.2705211639404
859.6905469894409
-142.54916071891785
-188.84499311447144
1059.5754842758179
1089.8478372097015
-152.848539352417
-281.3010108470917
-252.7493667602539
-256.40645027160645
-168.45787405967712
-292.53740668296814
-293.2064116001129
-302.41692066192627
-163.32680821418762
-373.8851535320282
-338.9153218269348
-369.6514880657196
-216.51366114616394
-408.5220980644226
-402.0136511325836
-396.0891890525818
-227.78934836387634
-450.9025990962982
-442.60873317718506
-456.32127046585083
-263.75858187675476
-541.3660132884979
-519.3269884586334
-511.1241614818573
-328.3630299568176
-549.0307557582855
-565.607225894928
-584.3930113315582
-384.4677412509918
-588.6290109157562
-571.6952323913574
-562.1714508533478
-314.51783895492554
-604.2140448093414
-559.4228982925415
-571.4533150196075
-283.25915932655334
-581.2049615383148
-604.3066561222076
-549.7317242622375
-318.2037937641144
-561.5062654018402
-565.8518373966217
-581.5959966182709
-419.91766452789307
-576.2211275100708
-575.7548880577087
-564.4856214523315
-345.2723228931427
-632.3938727378845
-646.3511002063751
-531.0720217227936
-564.9093210697174
-557.3179233074188
-576.1115181446075
-341.12287163734436
-580.013837814331
-568.1768655776978
-549.2322909832001
-404.0595579147339
-567.3657810688019
-556.3561940193176
440.230176448822
-320.65573811531067
-563.6311662197113
-559.2497432231903
-561.0584819316864
-357.45984077453613
-553.3529889583588
-545.3607606887817
