0
-21.239859461784363
-22.371413111686707
-17.507984042167664
-21.14457607269287
-22.987747192382812
-12.309175729751587
-21.022583842277527
-39.77000534534454
-134.48776483535767
-130.6865805387497
127.79257345199585
-58.58588635921478
-152.10156857967377
-153.72733294963837
-148.67274820804596
-67.46366918087006
869.1087239980698
-152.87063360214233
-136.63487672805786
-93.77279877662659
-219.16834712028503
-224.96849834918976
-224.67784821987152
-116.35784268379211
-227.85243391990662
-196.25633358955383
-215.92474341392517
-111.80891573429108
-205.11309444904327
-201.46892786026
-203.71134459972382
-120.83993315696716
-226.4867252111435
-217.51191198825836
-216.2052208185196
-129.8295623064041
-249.22670662403107
-251.1915910243988
-250.34877240657806
-124.83812928199768
-286.29433512687683
-280.342561006546
-290.1672637462616
-223.32421123981476
-308.3039826154709
-330.05317091941833
-310.0853091478348
-189.52033579349518
-364.57595109939575
-395.6604677438736
-338.2479387521744
-403.4030044078827
-387.34784841537476
-370.0805014371872
-219.43417966365814
-433.7928205728531
-420.8926331996918
-426.83157682418823
-240.96164882183075
-460.2281564474106
-461.30387485027313
-446.4153403043747
-300.29492259025574
-479.7941029071808
-544.6180093288422
-524.9681282043457
-294.77556705474854
-519.4690543413162
-566.6997504234314
-567.4099880456924
-302.81305372714996
-570.3334510326385
-593.0481839179993
-537.5613844394684
-286.09819173812866
-591.1077606678009
-603.4150815010071
-590.2988928556442
-349.27519381046295
-569.1269981861115
-594.3472474813461
-588.44083070755
-317.48771727085114
-554.5266765356064
-563.3997857570648
-547.6899445056915
-359.4933754205704
-556.9760549068451
-532.6966243982315
-544.6317094564438
-267.3767578601837
-528.1053960323334
-484.3888545036316
-527.6460707187653
-245.77580869197845
-404.85553085803986
-394.0529930591583
-428.6738497018814
-197.70228266716003
-330.1846432685852
-316.28356397151947
-331.98210656642914
-151.62395894527435
-263.30767691135406
-248.64980399608612
763.5441613197327
-105.26084363460541
-160.30634582042694
-165.25653541088104
-157.65859067440033
-45.92837572097778
6880.465284865112
-69.86947536468506
-75.76093971729279
-9.261428713798523
-3.2138818502426147
1879.7164924144745
-2.6207441091537476
-37.92121410369873
-76.94046139717102
2734.2642176151276
-73.17456483840942
-76.53995990753174
-136.26700520515442
-141.45219206809998
856.6920351982117
-189.14001941680908
-197.8650665283203
-190.45680046081543
-157.29931473731995
-284.0757489204407
-249.98328924179077
-253.6169672012329
-169.7375524044037
-292.77210235595703
-290.9905171394348
-301.16390228271484
-170.91881155967712
-367.5315010547638
-357.88270115852356
-366.74702048301697
-208.7091338634491
-402.09983110427856
-393.167542219162
-389.40938353538513
-236.0037398338318
-459.8045229911804
-439.4819438457489
-447.9356288909912
-270.114449262619
-543.4551858901978
-523.0925595760345
-512.8115344047546
-315.30044198036194
-552.1215379238129
-559.9084091186523
-600.5215680599213
-372.1959185600281
-598.3130276203156
-562.9558753967285
-558.9693474769592
-319.4593286514282
-595.820232629776
-554.6632170677185
-567.6764273643494
-295.0725042819977
-565.5471336841583
-600.8613932132721
-556.81232213974
-325.79315543174744
-565.9149146080017
-567.2643053531647
-580.0368177890778
-411.726233959198
-591.4691710472107
-569.3462419509888
-562.8034853935242
-341.22379183769226
-638.3549916744232
-647.197675704956
-536.9094228744507
-568.7601697444916
-545.2819907665253
-581.6331279277802
-348.3348572254181
-572.8610420227051
-562.8718996047974
-553.1715023517609
-385.2271032333374
-569.0784513950348
-555.3496479988098
-567.1533620357513
-310.3734040260315
-579.7722721099854
-561.1433362960815
-554.1233491897583
-345.569109916687
-563.8332796096802
-560.5851554870605
