0
978.6262220144272
-19.806504249572754
979.280771613121
-15.369250178337097
-22.586660385131836
240.88154065608978
-22.10611641407013
-35.88706612586975
-127.95347213745117
-132.13715016841888
-135.87626993656158
933.545435667038
-152.9771375656128
-152.36708760261536
-147.1997970342636
2189.2368351221085
1866.145630478859
-150.99363327026367
860.065593123436
904.5949852466583
-213.590829372406
-226.07093811035156
-226.87084138393402
-119.51566278934479
-224.82404589653015
-197.7665627002716
-208.31482887268066
-120.10382056236267
1057.9693351984024
-204.94202733039856
-204.4390767812729
-114.92856621742249
-224.57830369472504
-222.0611435174942
-222.5835806131363
-122.7318948507309
-240.3273355960846
-261.21783554553986
-250.39549231529236
-130.69598376750946
-293.21315467357635
-276.3664275407791
-278.4468138217926
-222.45959401130676
-304.76206719875336
-318.5863524675369
-308.6209166049957
-204.38680708408356
-360.0234627723694
-391.8568032979965
-342.3495703935623
-402.28210747241974
-389.9888598918915
-366.02839708328247
-218.71003925800323
-430.19099056720734
-425.1252555847168
-413.007749915123
-258.4840738773346
-447.7835261821747
-473.5280752182007
-450.43064415454865
-306.18854582309723
-484.19983744621277
-547.0221769809723
-514.4159412384033
-305.35372734069824
-526.0726177692413
-573.7993371486664
-581.2946861982346
-282.97981441020966
-564.2654925584793
-581.3374263048172
-564.4772243499756
-309.3136978149414
-582.507501244545
-603.8393151760101
-588.2882356643677
-336.39799773693085
-567.9439103603363
-593.3786201477051
-578.7809127569199
-309.2833870649338
-566.0507518053055
-559.9669629335403
-552.4829196929932
-357.2352784872055
-557.6448100805283
-524.5878779888153
-545.2284789085388
-275.74540197849274
-517.898673415184
-473.70576679706573
-520.016331076622
-259.6116316318512
-393.9471936225891
-400.4745376110077
-414.72602784633636
-217.54903316497803
-336.85058772563934
-324.6772366762161
-337.32883632183075
-139.4610595703125
-254.19366717338562
-252.48811721801758
-244.37085032463074
905.3579068183899
-162.82472789287567
-160.8099752664566
-157.43697464466095
950.6784224510193
-76.28941297531128
-72.29144215583801
-76.6786390542984
-3.8930916786193848
1740.5606288909912
5128.218069992485
1875.785185456276
-37.44523525238037
-76.66106343269348
-74.38391447067261
-74.03515934944153
-78.68283867835999
-136.47647142410278
1854.0084111690521
-137.14239835739136
799.9178624153137
-194.8143708705902
805.9431278705597
-153.3890950679779
-276.75103306770325
-258.91307950019836
-251.16355776786804
-174.05848026275635
-290.6423342227936
-289.44929242134094
-306.50628328323364
-165.4718577861786
-360.7986879348755
-343.8041579723358
-375.1959431171417
-208.91481637954712
-405.06160378456116
-388.3615028858185
-391.0353982448578
-227.5550627708435
-450.09740352630615
-453.9532721042633
-450.1177716255188
-277.508260011673
-536.7904901504517
-533.2514464855194
-508.0174255371094
-309.5508360862732
-553.0974626541138
-555.4496884346008
-595.1834046840668
-369.6008849143982
-576.0433280467987
-562.0288491249084
-562.1419250965118
-327.7701950073242
-593.6297392845154
-552.9940867424011
-573.3823919296265
-307.85619378089905
-575.7811367511749
-605.0846350193024
-552.5514018535614
-316.8298804759979
-559.8495900630951
-570.8023416996002
-588.2923674583435
-403.67438793182373
-590.1309871673584
-585.8004987239838
-565.0002670288086
-321.8883752822876
-634.5444130897522
-638.7538230419159
462.8071451187134
-570.5636811256409
-549.2242443561554
-600.9190225601196
-336.1675703525543
-571.2142789363861
-561.2959408760071
-553.0717444419861
-392.4058938026428
-558.8211786746979
-563.7212610244751
-561.2575447559357
-334.509596824646
-578.1126022338867
-561.3499748706818
-563.8874554634094
-350.2121138572693
-556.2646853923798
-542.1859884262085
