0
7231.299999999998
873.3000000000002
11324.449999999999
10884.850000000002
9096.75
4598.200000000001
12257.549999999996
125818.75
6435.849999999999
32213.699999999993
256.1
6575.749999999998
5495.449999999999
7640.75
7625.499999999997
15023.9
4634.799999999999
8457.750000000002
25059.199999999997
9975.0
6210.700000000002
72622.59999999999
2761.25
35916.049999999996
16408.250000000004
2325.5499999999997
18170.2
11574.699999999997
1050.3999999999999
43093.95
12305.049999999997
310.45000000000005
86610.19999999998
9515.25
29320.000000000004
10120.050000000001
83280.84999999999
235.25
8577.55
6391.699999999999
4319.9
10915.3
19299.65
69.05000000000001
6809.250000000001
12461.8
2088.45
11210.749999999998
16634.85
1340.5
150749.54999999993
4456.049999999999
1474.25
5986.85
8755.000000000004
460.0
7032.900000000001
24153.000000000007
2840.150000000001
2317.899999999999
16597.249999999996
28676.05
2280.1
56932.30000000001
82493.65
65693.45
3572.449999999998
2514.8
26582.6
111778.6
5229.750000000001
62664.25
108088.9
1825.7000000000003
4268.4
66965.15000000001
53.29999999999998
15151.799999999996
74622.89999999998
2244.45
6988.4
5783.9000000000015
41937.85
18027.35
253126.24999999997
6133.15
85029.75000000001
19701.05
77916.25000000001
9122.5
5010.75
2273.15
2346.850000000001
8159.749999999999
39623.74999999999
91.34999999999997
7066.799999999998
90413.19999999998
221.8
17087.25
90585.74999999999
6443.4
10184.699999999997
8956.9
94.29999999999998
4067.6000000000004
118221.09999999999
238773.69999999998
52571.75000000001
72699.79999999999
124.14999999999998
12268.849999999999
11305.400000000001
6756.75
41967.0
58476.250000000015
299.20000000000005
3629.1000000000004
137551.60000000003
54.499999999999986
2292.699999999999
119790.15000000001
36210.700000000004
2022.2999999999993
108651.7
415.5499999999999
2406.9999999999986
122232.54999999999
40501.75
120812.30000000003
90304.09999999999
14694.95
18479.1
13045.75
94242.85
45718.700000000004
122800.45
6231.45
16442.6
172990.85
1236.8999999999996
89427.84999999999
196255.35000000003
2725.4000000000005
50717.05000000001
161287.45
4014.350000000001
9785.25
215443.64999999997
155810.2
21474.350000000006
124793.20000000003
26525.7
1740.25
102414.20000000001
12771.049999999997
88307.15000000001
153117.59999999995
119257.15000000001
89487.29999999999
144113.2
8136.449999999999
80719.29999999999
155303.10000000006
20874.799999999996
125681.29999999999
164746.8
46092.55000000001
57777.100000000006
10989.850000000002
11186.049999999997
115061.2
137251.65
5509.6
127342.59999999998
85128.69999999997
133595.05
40232.25
249455.00000000003
492.80000000000007
169409.25
244776.30000000002
11299.8
138929.25000000003
228557.25000000006
204260.5
2280.95
180727.1
39380.05
1313.6499999999999
150634.65
1926.2500000000002
3800.8
109291.90000000002
114051.20000000001
7708.650000000001
166617.79999999996
90154.95
73418.70000000001
124352.95
109990.95
38797.1
67178.0
156476.70000000004
681.15
37516.999999999985
72609.75
31844.75
13161.95
7577.7
5402.949999999999
98888.29999999999
141194.45
398249.8000000001
81946.04999999999
208453.8
119057.00000000003
168495.34999999998
199882.90000000002
48649.950000000004
156707.29999999996
56342.5
303439.75
28533.099999999995
160698.44999999992
28541.899999999998
287678.39999999997
19619.05
5221.299999999999
230567.95
175250.90000000002
18546.0
233059.84999999998
179954.60000000003
33544.75000000001
61108.59999999999
156658.45
39470.75
255941.1000000001
66611.30000000008
110277.65000000004
196252.85000000003
141.60000000000002
75792.95000000003
123992.65
153731.49999999997
193325.65000000002
32507.1
27635.850000000002
165415.39999999997
9107.45
63213.45
173172.05
281670.05000000005
20982.099999999995
98741.69999999998
55808.75
154413.24999999994
402163.75000000006
